caller_id,callee_id
9268,5331
2740,5331
5324,61
63,64
62,62
62,62
62,62
62,8691
62,8691
79,7912
7702,7912
5336,5332
5337,7840
7640,7840
5333,7840
90,7840
4554,10019
10083,5345
101,10083
6176,104
6176,108
6176,4541
104,4541
4553,4541
3039,9114
118,7837
9622,121
9622,120
3827,120
9622,119
9622,9194
3827,9194
9622,8929
9622,4031
8456,4031
9194,4031
120,4031
3881,4549
9394,5363
3715,5363
8438,5363
4560,4560
8819,8901
8124,5370
8124,134
8124,4409
8819,4409
8623,5368
5365,5368
8688,9419
157,157
157,157
157,2489
5375,2489
159,161
9592,161
9015,161
5378,5377
9423,9487
9423,3042
9423,166
9423,5379
9423,7178
9423,170
9423,2904
5377,164
5386,5384
5439,3131
5439,3131
3131,8295
3131,8295
171,171
5381,167
171,5381
182,4563
3045,185
2594,2398
2594,180
2594,180
2594,183
2594,181
2594,3282
2594,7670
2594,178
2594,9407
2594,5395
8072,7574
2594,197
183,197
174,197
196,2799
7935,2799
193,190
192,192
188,188
188,4479
192,187
2972,2972
5396,5396
4501,8345
5150,7402
7395,7402
5388,3202
3202,8766
5388,5418
9943,5417
5402,5404
5402,5410
202,2527
8766,2767
8695,8695
5413,5413
210,7090
7090,7916
7090,5425
216,216
5112,7899
9551,9551
9551,4039
5443,231
7495,244
3709,245
7063,245
7522,245
5452,245
246,245
245,245
5450,5450
9165,3164
266,267
266,3368
292,4265
5492,5493
9645,5493
5489,5493
2476,5493
5494,5493
299,5495
293,5488
293,9645
338,345
338,345
7910,345
5496,9519
9376,343
7541,3418
340,9579
4383,10487
3504,10487
9116,3504
306,305
9272,305
3504,305
9311,305
305,305
9311,4481
3504,4481
4481,4481
3663,315
3882,315
3663,303
314,303
304,303
5490,303
315,303
3748,314
312,7871
310,8371
6927,313
3371,8699
4318,3698
9901,2843
7367,7119
7097,7119
318,10065
10065,10065
330,332
2862,327
330,331
2817,2817
8563,8563
6413,1656
1655,1656
4086,9312
392,390
8141,390
393,390
9241,390
7150,391
390,391
8538,7453
391,7453
9817,7453
7453,7746
407,8310
4628,8035
3426,7516
7516,7516
7516,7516
421,5551
421,5545
421,5537
421,5542
421,9668
421,2608
421,2696
421,423
421,5538
5546,9673
9540,9673
4484,5539
3489,5544
5564,5544
3489,5560
422,5560
9673,5543
8641,5543
3100,427
5541,10068
425,4483
425,3555
429,8224
436,8224
9403,437
437,437
437,437
437,436
9017,436
5559,436
9284,431
9284,8287
9284,9157
9284,4209
9284,6151
9284,4268
9284,444
9284,2742
2428,3684
439,5557
439,443
446,443
439,4630
439,3193
439,5552
439,5554
439,3189
439,448
4632,4632
4632,4632
445,445
445,445
450,450
450,450
450,454
8225,454
450,452
450,6177
450,8892
454,8892
8225,4311
450,4227
450,3508
451,451
451,451
453,456
3433,456
4391,468
4391,4633
4391,8957
4391,469
4391,470
4391,9149
4391,5555
4391,4642
4391,471
4391,10554
8674,5569
5572,5569
5568,5572
4636,5581
4269,5581
8791,5581
8482,4269
5573,475
8259,475
475,475
5571,473
5576,473
5571,2421
5576,2421
5565,483
5565,5567
5575,2549
5575,474
3053,478
5566,485
480,485
485,484
9868,9721
5589,5589
5589,7952
3156,8265
3156,8265
493,492
493,4461
508,508
7005,9533
508,9533
4270,9533
5596,9533
4176,9533
508,9533
4638,9533
509,9533
9621,9533
3437,9533
5597,9533
3395,9533
3223,9533
9339,9533
506,4213
4271,496
5594,496
2948,4244
9905,5600
4639,5600
6991,5600
505,8449
5593,8449
3000,7498
510,7498
4643,7498
3228,9233
516,516
5607,8552
2759,3143
3143,3143
7222,4650
525,4650
6990,9098
3728,524
9637,524
5611,524
3720,524
4649,524
9098,524
526,524
7348,524
4651,524
3367,523
5612,523
3388,532
3388,532
3388,7970
3388,7970
529,7970
3388,3388
3388,7286
3388,7286
6127,4272
7470,8621
3529,3529
3790,3529
9813,3529
9315,3529
3529,3529
556,556
556,556
3744,8613
5614,8123
3093,3093
555,3093
555,554
6941,7883
3689,6941
8682,6941
8070,9903
9851,8070
2766,8070
6182,5635
557,5635
558,5629
561,5629
8549,5629
560,557
559,557
8549,557
5629,557
560,6182
3393,5647
583,5647
8369,5647
8410,595
2631,1361
8410,2631
2631,5620
2631,4331
7731,594
2631,5649
2631,2746
2631,4665
2525,5657
3862,3862
9133,5179
7890,5179
8298,5179
5177,5178
7428,7428
9541,9541
8033,9541
9541,8033
9996,640
9541,9996
9952,4690
4690,4690
3736,643
642,642
3736,3272
2595,2595
643,3802
7745,8980
7745,8980
644,644
7264,7264
5686,7264
7264,5686
7264,658
5684,7915
692,688
7175,688
9029,688
5692,688
680,7050
8602,680
694,693
8602,694
9250,8242
5697,5700
8995,7216
4692,5699
5695,2584
4692,2584
724,3192
724,723
724,4100
5705,730
3840,730
3840,5712
3840,7671
8559,727
2927,8587
2927,8559
5703,5703
5724,5724
5703,8274
5724,743
3170,3170
3170,3170
5723,5716
3170,5716
7065,5716
5723,5723
5723,5723
5704,5704
5716,5704
5702,5704
7464,5704
4702,5714
2901,2901
2901,744
745,744
5714,744
8381,5182
749,750
8347,750
756,5722
9923,5722
764,751
7353,751
764,763
7353,763
5725,759
3142,759
5725,8440
5725,3346
7411,3346
4707,4707
5726,5726
5727,5727
726,726
2704,3981
770,770
770,7628
771,5185
771,6133
7628,6133
775,6133
3981,771
4043,771
776,771
9812,773
774,774
774,9812
7747,777
3597,781
779,781
3597,9520
783,783
786,9505
786,9485
786,8027
786,6973
786,6973
786,791
786,10051
786,7879
786,7949
786,6129
786,6129
786,790
786,2586
786,789
786,5750
786,792
786,792
786,2695
786,2695
8697,793
8697,795
8697,794
2422,2946
8697,5744
2422,9336
2422,5731
2422,2725
2422,796
2422,9280
8697,5738
8697,4718
2422,7514
2422,9688
2422,3133
2422,4714
8697,3877
2422,9753
8697,3895
5732,8085
5732,798
5732,5739
785,799
5732,799
785,5749
785,4715
785,797
785,5733
785,3078
5732,3078
5732,6137
785,4438
785,801
785,4711
785,4713
5732,4713
5732,803
785,803
4706,787
5734,2976
5734,7153
5734,808
5734,9596
5734,4148
5734,817
5734,818
5734,812
5734,815
5734,814
5734,8105
5734,816
2498,810
2498,5187
2498,807
2498,8436
2498,9181
2498,7593
2498,819
2498,5748
2498,8971
2498,9249
813,820
5740,4716
7342,7342
3577,813
7342,5740
3577,3577
4709,4709
4709,4709
5741,822
822,822
8950,822
4279,5741
3980,4708
3980,4028
9665,5751
9665,832
9665,831
9665,4719
4717,9685
7759,9685
4717,9685
8390,5768
4321,5768
4324,4717
5755,838
5755,838
5763,5759
5763,5764
5763,5760
5763,5761
3803,916
905,905
907,907
907,907
9940,5805
4738,5805
910,7718
910,910
910,910
910,910
7123,3187
922,915
922,6974
7123,3022
7123,10041
10041,5196
3022,5196
7422,923
7123,9023
7422,9023
2745,10095
8481,921
9497,4427
9497,3833
4745,3833
4745,3646
4745,3696
4745,9211
4745,10057
5819,4741
5816,4751
5817,2540
4742,2540
4742,936
945,945
3136,5836
4767,8696
7729,8696
2505,8696
8696,2826
5836,2765
4759,949
8696,2698
5838,4759
5839,4759
8624,8026
4760,8026
4755,8026
9969,950
5839,950
7540,4404
7540,8129
8886,8129
8129,4765
4752,4765
7540,4752
4404,4752
7540,9873
4765,4762
10030,1020
10030,1023
4179,1024
1026,7323
1026,1021
4179,8807
7323,7853
5301,10030
10485,7607
10485,8989
10485,6975
10485,1030
10485,1032
5852,5848
5192,3028
5854,5856
6949,975
6949,975
5191,5842
5191,5842
5854,3897
7926,5850
5852,5850
5850,7926
3993,7926
3993,3275
10005,6158
6158,6158
7035,6158
2574,8618
5867,8618
987,8618
5866,8618
3215,8618
4753,984
3357,3051
5208,10067
5202,10067
985,10067
7131,10067
5202,4284
7131,4284
5871,3215
5204,990
5202,990
7131,990
5202,5861
7131,5861
5202,4146
7131,4146
7340,5867
7035,5867
5871,5867
7373,5867
9567,988
8742,988
988,988
5202,7680
7131,7680
5867,987
7340,5841
3978,5841
8216,5841
9968,5841
7373,5841
5193,5863
984,5863
3051,5863
5205,5863
3357,7531
6158,7373
8742,8234
5867,7349
987,7349
3215,7349
7131,6209
5207,986
8216,986
3978,986
8216,3874
3978,3874
7035,991
3978,991
8216,991
9567,5859
8760,5859
5207,5871
3978,5871
9968,4753
7035,7035
3978,7035
984,989
3357,989
5205,989
3978,5870
8216,5870
9968,5870
2902,995
5208,3464
8216,3464
7035,7965
7340,3905
7035,3905
7373,3905
7340,2902
8216,2902
3978,2902
7373,2902
5206,5865
10027,5865
9567,5865
10027,5865
3905,9218
1035,7862
3387,1036
5212,1036
1036,1036
7862,5211
5110,5211
5211,5211
5201,5215
3878,5215
5215,5215
1033,3572
3387,3572
3572,3572
3387,1034
1034,1034
1035,7750
7750,7750
3387,3430
5212,3430
3430,3430
1035,1038
5110,1038
1038,1038
5864,2985
5864,8882
5864,8992
5864,5862
10510,5876
1002,5873
2950,2947
1010,2947
5878,2947
9543,2947
1007,2947
1003,2947
9210,2947
3278,9210
3278,5878
3278,1007
3350,3350
4774,9172
5911,1048
5911,7972
5911,4769
1045,4775
5914,4775
1045,1045
1045,1045
1045,1045
1045,1045
4774,8523
4774,5911
4774,3451
4774,8150
4774,1047
4774,3627
5919,3627
4769,3627
1044,3627
7972,3627
1048,3627
5919,7250
4774,7250
1380,7250
5914,7250
5907,1049
8961,1049
5907,1057
8961,1057
5907,1051
5907,9762
5907,8961
7513,9699
1061,3429
8805,5920
1056,7513
5922,7513
1056,7513
5916,5921
5916,7314
5916,7303
5916,5923
5916,6175
1078,4784
5932,1080
3712,9420
1084,1089
4493,5933
5935,5933
5933,4217
3328,4788
9895,4792
3378,4790
4790,9895
4794,8947
3740,4794
4796,5954
5954,4796
6157,5953
3206,1106
5973,5973
5973,5973
7998,5964
7998,5974
7294,7294
5106,4371
7868,7868
5210,1113
5210,5214
5216,5214
5210,5216
8877,1114
1114,1114
7476,7476
8877,8877
7476,1116
5976,2798
4288,2798
5971,7047
5971,9676
5980,1122
3855,5982
5981,9334
5984,9334
1121,9334
1124,4289
3886,6000
3014,8314
9845,5979
8260,5979
4007,5979
5991,5979
4490,5979
5999,5979
2663,5979
5996,5993
3173,1128
6004,1130
6004,1131
6004,6004
2463,2463
5992,5992
1129,1129
1129,1129
1129,1129
1129,8568
8568,8568
1129,3227
3227,3227
1129,2979
3778,9558
1144,1148
1144,1134
8770,7406
6002,4291
1154,1157
3528,8133
6360,6014
2435,6014
1162,1161
1161,1161
1586,4908
1586,2756
2724,3942
2724,3858
6362,2724
1587,2724
1587,6362
3734,1158
1583,3734
3027,7345
9101,7345
5098,7345
7345,5098
1160,1160
1160,8948
1584,8948
1585,8948
1160,1585
1160,4912
9708,9791
4918,9708
5246,1588
5246,5247
10274,5246
9130,5246
3926,10729
6989,1601
3926,1601
9042,3926
6989,3926
7564,3926
7564,6989
3576,3576
1590,1591
1590,8393
7076,10730
7076,7924
5234,9325
5234,2753
5234,2029
5234,3096
4798,5234
2061,9815
9815,9381
2960,8842
2960,8842
1564,3295
8970,3295
1566,3295
6350,6955
7963,6350
6353,7963
3161,4909
10732,7898
10732,1579
10732,1168
8788,4017
5140,8173
4357,6704
9113,6860
9113,10454
9113,1595
3374,1605
3374,6366
3374,2770
3374,6170
1602,1600
1602,1603
9168,1602
7581,3971
7923,2542
2030,6164
2030,2031
6351,2692
6351,4910
6718,6939
8661,6939
6718,9238
7333,6700
6709,6700
2053,2875
4310,3766
2471,3766
4310,3447
2471,4310
7432,4310
8678,8678
8678,2048
8678,2045
2046,9917
8678,8122
9917,8458
7537,8458
7768,8458
2047,8458
10453,8458
1376,8458
8678,8778
8678,9032
8678,3127
8678,2041
8678,8964
9207,6716
2052,3658
7253,9885
2052,9885
2043,9885
4144,9885
3658,9885
7253,2050
5051,6713
6713,2059
8544,10395
9937,1965
1965,1965
8757,7575
4292,7575
7575,7575
7575,8757
7575,4292
7575,8100
10740,2141
7510,7510
9913,9576
10262,3546
9141,10741
10273,2852
6727,10273
6720,2509
6720,2509
6720,6009
6720,2074
9010,6653
8718,9010
5040,9010
3165,3115
9276,3165
8403,3165
1572,1565
3792,1569
9461,9987
10268,3033
3486,3033
4812,3486
3239,10267
9426,3256
1559,3256
1996,10749
1995,1179
7295,1994
1996,6018
7295,6018
6681,2001
6021,1999
6688,6671
6688,3244
6688,6690
6688,10112
6688,5102
2932,4491
6684,5280
8252,5280
6684,6684
8252,8252
4136,1186
4203,1186
6685,2006
8669,2006
6685,5270
2006,5277
6685,5277
5277,6186
5270,6186
6186,4184
8212,4184
1177,7468
1178,7547
4142,1178
1510,4142
5297,4137
5297,4137
6694,2023
2024,2023
4242,3074
6691,10757
8455,10757
1189,8455
1189,10751
6691,3277
10757,3277
6691,6699
10757,6699
8455,6699
6691,3679
6180,3679
6691,6180
8455,6180
9641,2026
2015,2016
9561,4178
2018,4132
2018,2019
2013,2019
2013,3153
2013,2017
4178,4111
4178,9522
9387,3110
9561,9387
9561,3870
4132,6698
2021,4463
1505,4888
4890,4888
4888,2859
1188,1188
9389,1188
7251,1188
3213,1188
9518,1188
1188,1485
10026,9518
6316,9518
1493,6319
1493,2495
1481,2495
2495,2495
1481,2495
2495,2495
2495,6313
6312,4336
6296,4336
9368,6178
4336,6178
8186,1479
7974,6318
1477,6318
1477,6318
7974,8186
1477,8186
6317,7974
8599,1472
6297,1472
9322,1472
8599,7726
6297,7726
9322,7726
8599,4369
6297,4369
9322,4369
8599,9322
3524,6958
3524,2874
3524,10755
3524,6295
3524,1473
3524,3691
1489,4492
1489,7213
1489,7113
1489,1490
1489,1490
1489,1487
1489,4415
1489,7054
9198,1474
3476,7956
6315,6962
6962,8037
4889,2886
4889,3494
6962,3494
4889,1484
6294,2936
1981,9195
9436,5227
7182,5227
7226,5227
6658,7326
6654,5030
10264,6654
10280,4355
5249,8764
7028,7279
3680,4375
5251,4375
6323,4375
7028,4375
7028,7241
1989,6660
6660,6660
1989,1191
1191,1191
4433,4433
4645,3749
4433,3749
4433,2645
4645,8979
4433,8979
6649,6649
4645,6665
6649,6665
7434,1194
6030,10276
6030,1496
1499,6321
6321,1499
5029,1193
2462,10762
8411,5025
8411,1970
8042,9212
5031,8042
3816,8042
5276,8042
6664,4354
6661,6667
8620,6667
1991,2500
4435,2500
7351,3672
7351,8378
8636,6920
3894,3894
6646,3632
3547,6646
3345,6646
2885,2885
3041,2885
7976,2885
9768,7976
3999,9768
1545,9768
7945,7945
1197,7945
3031,7945
7945,7945
7792,3031
1527,6211
6980,1527
1196,2694
4900,3910
8094,3910
2793,8666
8908,3985
8908,10046
2636,8908
2636,8908
7722,8908
6392,6332
1541,6392
8967,6329
6324,6329
8335,8335
5252,8335
8840,8335
8335,8335
1516,8840
6324,1516
8967,1516
8329,8329
6334,6334
1537,8829
1528,1533
9778,8218
9909,8218
1534,8218
1528,9463
8218,1528
8218,1528
5295,1522
6346,2571
6346,4901
6346,1542
3124,6346
1518,3332
1529,1531
4903,8593
10769,6333
7421,10769
10769,6339
8824,6339
10769,9044
8824,9044
7263,8824
6330,1535
6330,1540
9188,1536
6330,4337
7579,7579
6038,10768
7430,6038
6038,7509
10768,9188
6338,9188
7579,6338
1536,6330
3750,1530
3404,1530
1520,1520
4338,4338
2632,2632
6036,6036
9728,1548
9728,1547
8850,8019
9728,8019
8019,1552
8019,4899
2411,8230
1546,1546
6344,3987
6344,1550
2105,5224
5050,2105
7685,2105
1952,1952
10290,1952
8325,1952
1201,5026
5026,3446
6647,1201
7836,1997
5218,1997
9090,1203
3965,7045
10079,2882
7074,5077
7074,5077
9922,8444
6768,6768
9318,5083
2131,5083
6768,5083
9318,1205
2131,1205
6768,1205
2690,10766
7252,1633
3442,5254
7693,3442
3678,9763
3678,9763
4818,2708
4818,5045
6732,10012
3659,2067
1207,1208
1207,1207
6741,4376
2094,6747
2094,6747
2130,9275
9275,9275
2130,2133
2133,2133
2084,2084
8226,2986
3402,2986
2084,2986
2986,2986
6734,2722
6734,6734
2087,6740
5062,7331
10773,10394
1616,9530
9530,1614
7782,3788
7350,4193
3804,4193
10397,6971
7338,7322
7338,3361
7238,7857
10522,6381
10522,1212
1212,7562
7598,7562
6380,7562
2721,7562
1624,7562
6381,7562
10522,2721
10522,1624
7562,4915
7562,1619
2459,2459
4056,2107
8139,2107
3762,2107
6750,2107
2107,2107
3953,4056
3089,4056
4164,4056
6754,4056
3953,8139
3089,8139
4164,8139
6754,8139
8867,4164
3953,3762
3089,3762
3953,6750
3089,6750
4164,6750
6754,6750
2107,6752
4102,6752
1214,1214
1216,1216
6208,10459
8137,10459
10459,9388
3222,2109
10004,2109
2109,10004
2109,3222
3435,6756
3435,5060
2104,3435
2737,3435
2102,2096
2096,2099
9841,3751
2096,1215
2099,1215
2100,1215
2096,1215
7391,2545
10071,2844
8028,4200
6040,8291
3396,1218
1617,1218
1612,10776
3900,7736
6761,6760
1625,6042
1625,6042
9532,1217
4073,8789
4073,8789
1628,10307
10777,10307
7979,10777
6041,9710
8517,4392
3533,4392
8677,10304
5063,7142
2110,2393
2393,7204
2110,7204
4366,2115
2115,2114
4366,2114
2897,5073
8165,2897
5070,6762
1610,10311
7724,8866
8580,6386
8583,2795
2795,4916
2112,7964
7964,5066
2112,5066
1607,6374
8869,3917
6751,2080
7629,8475
8475,7629
6769,4228
9706,3216
2705,10303
5069,9859
6763,2116
6046,2123
4057,4140
2117,7874
2083,6737
6738,6737
6738,6738
1959,1962
10131,1962
1958,1962
1962,10301
1960,10301
2108,2139
4816,2108
9555,6717
5053,9235
6717,9235
5053,9235
6717,9235
6126,3318
6160,3318
2941,3318
6126,3318
6160,3318
2941,3318
6126,3318
6160,3318
2941,3318
6126,3318
6160,3318
2941,3318
10077,6126
5082,6160
7205,9767
7055,9767
4384,9767
5054,5054
2493,5054
2025,5054
2667,4429
4011,6766
10308,6775
2138,6770
2065,6729
7764,6729
2063,10316
2063,2949
3722,8479
8095,3722
3722,3071
9992,4920
8095,7955
8095,7662
6389,6377
10504,9111
10504,6367
10531,7015
1226,1226
3779,3779
10320,10295
9072,10320
10309,5951
5464,6195
10013,9974
1938,1938
6054,7147
9011,9011
2265,7130
2264,8750
9967,5091
2970,5091
6838,9065
2970,9065
8373,9545
2970,9545
9545,6839
2970,6839
9466,6838
2970,6838
9065,5085
2970,5085
2893,2893
6839,9466
2970,9466
1229,9967
2970,9967
9466,1229
2970,1229
5085,2275
2970,2275
5091,8373
2970,8373
1096,1096
2276,2273
6834,7643
7643,2521
4370,4370
2521,6834
2521,2272
3739,3739
6822,3940
4362,5086
4445,2261
2261,2269
2768,2768
2268,4445
2269,2268
2269,8056
1220,1680
9093,9957
9957,4930
8162,8021
3253,8021
8021,8567
9720,8567
3253,9720
6423,6426
1094,6426
4932,3137
8918,3137
6442,8726
1646,7184
1648,7184
6409,8468
3254,8468
6408,6408
6408,6408
10783,6408
8468,6408
1649,1649
8792,6815
10473,9209
2453,6049
8134,8243
8792,6045
2235,2907
2239,2907
6820,2232
8762,6814
9552,6814
8243,8792
2237,2238
2238,9935
2755,2233
6819,8255
9156,2241
10092,2241
2242,2241
8607,10476
10724,10462
9380,10462
2762,2762
10317,9701
9701,8891
2569,8891
1638,4343
6398,7177
6954,7177
6400,7177
4343,7177
1637,7177
8891,7177
6402,7177
6398,1637
6403,1637
1639,6954
10317,10317
3618,1645
2226,2226
2226,2226
2229,2229
2229,2229
2251,2248
2252,7821
6979,7821
9352,7821
3250,3106
6828,3106
6226,3106
3084,3106
2254,4443
10323,4814
10474,4814
10323,7196
7600,7196
10474,7196
10323,5267
7600,5267
7196,5267
7600,1232
10323,1662
10474,1662
3863,1663
10474,1663
1232,10323
6418,1666
2888,1666
6411,1666
2888,6005
6005,6418
2688,10108
2914,10108
2297,1238
4124,7049
6204,1241
1241,1241
6204,1239
6204,9862
7049,8556
2648,8556
6204,2299
1241,2299
1238,2299
6204,6848
6204,2297
3171,8267
9158,8267
2292,2292
3565,9343
3565,7051
8067,2294
9184,2294
9343,2294
7051,2294
10037,2294
2281,1237
8040,2281
10794,8040
4177,8040
6836,4446
8572,4075
6837,2282
8560,10792
2290,1243
1243,1243
2287,4363
1244,4363
4139,1244
6945,1244
2310,9295
8379,2466
9617,2466
8569,2466
2803,2466
9006,8286
8148,8286
6856,8286
5088,6855
1126,8462
3791,6844
9142,2316
8615,9559
3483,5092
3077,8844
4026,4012
6857,6173
6844,3077
2319,3077
6844,1246
6843,1246
2320,1246
8615,1246
3483,1246
9142,1246
4026,1246
6857,1246
6849,1246
8107,1246
2561,1246
3077,1246
2313,4823
2311,8236
9330,2313
10795,2313
2311,8974
2313,8974
2314,8452
4829,7370
10399,4063
4512,7429
6833,7696
4512,2306
6846,2304
7982,2304
2307,2304
4512,6846
4512,4309
10532,4309
6833,4513
6847,4513
8506,2303
6847,2303
2304,2303
6832,2303
8708,3269
8708,7366
1250,1250
1250,1250
2437,2437
9514,2437
2719,2437
2198,2719
7521,2719
8158,2193
7543,2193
2193,2193
7549,7549
2197,9649
5087,9649
1248,1248
1248,1248
1248,8262
6810,8262
9348,4416
2196,4416
8092,4416
6809,4416
6811,8092
2824,6811
6801,6811
3382,6801
6800,6801
7937,6808
9606,6808
6058,6808
2676,6808
4416,6808
6066,6808
2488,6808
6808,9504
6799,8796
8102,8102
8796,9348
2195,9348
2676,2676
4827,2200
8102,7937
4827,7937
2200,7937
3175,3175
6782,7618
8758,2157
2159,2157
8758,2157
2159,2157
3179,8746
7466,6779
10542,10542
10542,2677
10542,2677
2213,9034
7190,3785
5220,3785
2219,3785
2659,3785
2218,5220
2597,9206
3785,9206
7925,9206
5288,9206
2216,4187
7809,4187
7690,4187
8712,4187
7846,4187
10547,4187
4187,4187
7846,7846
8823,7690
7846,7690
8823,8823
8823,8712
10547,10547
2225,4074
2225,2231
5285,5225
1255,1255
1255,1255
2203,2203
2203,9538
2203,9538
2164,6152
4825,7994
6152,9329
6152,2163
4825,2163
2170,6792
3032,6793
6791,2172
8871,2167
2170,8663
6791,8663
3032,8663
8871,8663
7103,7103
7325,2177
6796,6143
7103,2175
6795,9650
2177,3656
7325,3656
7103,3656
6795,3656
6796,3656
1253,1253
7888,2179
2187,2182
2186,2185
7138,7648
4204,2643
1253,2188
2179,4207
2179,3677
2187,3677
2186,3677
7138,3677
4204,3677
1253,3677
6790,6785
6785,6787
8710,2166
2889,2165
6785,4826
8710,4826
2889,4826
6189,6139
9556,10315
2183,2184
6139,9030
10315,10110
2183,2181
6139,2181
10315,2181
7344,2691
6804,7407
6807,6798
2189,6798
4403,4361
2189,4169
6812,6805
7344,2194
6804,2194
6807,2194
4403,2194
2189,2194
6812,2194
6060,6797
2178,2173
2637,2180
7378,7057
6060,2544
2178,2544
2637,2544
7378,2544
1254,3453
3527,7814
10804,4224
1640,8068
1635,8068
8341,1247
1644,1247
2873,1247
1636,1247
8006,1247
1642,1247
7506,8996
6074,6069
8020,3738
1681,8020
1251,1251
4880,10330
4880,10333
3220,10107
4880,6075
4880,8228
3220,4875
4880,1454
4880,7707
4880,1455
3220,3267
4880,8999
4880,10803
4880,2769
10091,6292
1460,4897
4878,1460
8478,1460
7810,6276
7624,6276
8953,6276
6072,6276
10313,1459
6276,1459
1459,10313
7624,8953
7810,8953
8953,8953
6071,7195
4390,9653
4892,4895
1461,7799
10000,8965
3867,8965
6291,8965
9446,8965
1462,8965
4893,8965
5245,8965
1461,3867
1462,5245
7799,5245
7799,9446
5113,2554
3623,3623
3623,3623
2530,9244
1935,8589
6617,8589
6620,2673
1358,1358
1358,6629
8442,6629
6620,6629
6620,6620
9741,1946
7041,9741
7041,1942
10328,1942
1946,1942
1939,10339
10088,10339
1367,2439
1470,6301
1464,2434
2434,8600
1464,2414
2414,2482
6288,2687
6288,6290
6288,2821
6288,3399
6288,6302
6288,3538
6288,1467
3516,6288
6304,6288
9536,1258
6288,1258
6288,7631
6288,9103
6288,3747
1449,1446
1266,1446
10327,1446
1442,1446
8631,1446
6275,1446
4411,4335
1449,4335
4411,8188
1449,8188
4411,6268
1449,6268
4411,3066
1449,3066
4411,9833
1449,9833
4335,8631
8188,8631
6268,8631
3066,8631
9833,8631
7444,8631
1264,8631
6281,8631
4886,8631
3757,8631
8248,8631
8167,8631
6285,8631
4876,8631
1448,8631
4411,7444
1449,7444
4411,1264
1449,1264
4411,6281
1449,6281
4411,4886
1449,4886
4411,3757
1449,3757
4411,8248
1442,8248
4411,8167
1449,8167
4411,6285
7289,6285
1449,6285
4411,1448
1449,1448
4879,4411
1266,4411
10327,6275
1449,6275
7289,1449
9801,6283
7214,6283
2405,4864
3408,4864
6283,4250
8505,10269
1371,2355
1371,5127
6070,7534
7534,6893
1371,2358
1371,8453
7534,2324
8505,8114
7534,8114
1371,3405
1371,2360
6070,2357
3783,6070
1371,10756
8505,8984
7534,8984
8505,4068
7534,4068
1371,2363
6070,1371
10269,1371
6070,8090
6070,8927
1371,2367
3534,3522
3601,2371
1262,3694
9927,3694
6897,3694
2356,3694
2364,3694
3609,3694
7288,2373
3109,2373
5314,2373
3109,7288
7288,2375
3109,2375
5314,2375
4857,1261
3952,1261
8511,1261
2880,1261
3662,2386
1384,2386
8701,2386
2669,2386
6917,2386
8646,2386
10335,2386
5136,2386
3610,2386
6916,2386
4332,2386
8614,2386
10506,1271
1263,1271
1259,1271
10507,1271
10508,1271
7582,1271
3010,1271
7438,1271
4313,1271
10488,1271
10546,1271
6144,1271
4037,1271
10342,1271
6155,1271
8053,1271
2389,1271
3605,1271
6219,1271
6203,1271
10810,1271
3072,10338
2381,1270
10338,7277
1270,7277
3072,7277
2381,7277
3385,10565
10565,10570
10138,10575
10564,10575
10455,10575
7108,10575
10494,10140
10140,10814
7223,10814
4830,10814
10137,10814
1274,7589
1274,7589
8241,4293
7589,4293
1274,8241
1274,8241
1274,1274
8303,10440
6190,10703
6190,8896
10440,10443
9679,10656
10389,4016
8399,10141
10141,10141
4397,3756
10141,3756
3122,3756
4397,3901
1277,3901
3756,3901
4397,8399
1282,1282
1282,1282
1282,1282
8351,1282
1277,1282
4397,1282
3966,1282
4397,1282
7179,1282
3901,1282
7431,1282
1282,1282
7784,10380
7127,10380
7127,7784
7127,4466
10579,10580
4887,5242
3506,5242
1298,5242
9695,1443
1439,3152
10519,1439
4865,4867
10844,9866
9392,9866
7773,4881
6260,7773
2601,6163
2999,2999
10537,5244
3506,5244
1295,5244
6266,1298
6266,7030
3943,9411
9452,9411
6284,9411
7030,9411
2754,9411
6259,9411
4887,9789
1298,9789
5244,9789
3506,9789
1298,6258
6266,6258
1440,6259
6258,6284
5242,6284
9161,2754
1444,2754
7691,1444
7691,9161
7030,9452
9411,9452
9411,10844
2999,9392
6266,9392
9789,9392
3669,6270
7433,6270
8477,6635
6634,6635
9342,3299
9342,3299
9342,3299
2343,10493
9414,9414
1304,1304
1313,1313
2333,1302
6891,2359
8395,2359
6892,6894
6895,6891
6892,6890
6892,9174
9347,10367
10001,10367
6562,10367
9894,4515
8949,7580
1855,3151
3314,3151
8949,3151
4515,3151
8949,1855
1855,1855
4515,1855
8949,3314
4515,6562
8949,4992
6563,4992
4992,4992
10001,4992
1857,4992
10001,1857
6562,1857
4992,1856
6562,1856
8949,1856
10367,1856
3415,1856
10045,10045
4032,7911
10370,4364
2354,4364
6105,4364
6899,4364
6875,5126
9231,9231
9231,9231
9231,9231
9231,9231
6076,6076
9231,6076
2570,6076
7700,7700
1309,1309
1309,1309
9186,8346
4296,6427
4296,1700
4296,4465
4296,6443
8245,1699
4296,8245
1706,4832
6452,4832
10497,4832
6447,4832
4071,4832
3760,4832
1708,4832
7106,4832
4058,6446
1708,1712
6447,6445
4071,6445
9738,3652
2780,3652
3309,3652
1714,3652
8536,8671
4182,8671
9772,8671
8135,8135
1718,8135
8135,9948
4182,9948
9772,9948
4013,10063
1721,8375
3730,9191
9191,9191
9191,9191
9191,9191
3730,9191
6567,3730
1312,1312
1312,1312
1312,1312
1312,1312
1312,1312
6568,1847
1850,1850
7800,4476
4476,4476
3111,0
0,0
0,0
4936,1703
2548,2548
9326,9326
6565,6559
6,6
6,6
6,6
10495,6560
6560,8025
1653,6099
2536,2714
7337,2714
2714,2714
2,2714
8919,7855
5262,7855
9850,7855
9977,9226
9850,9226
9692,9226
8008,9226
4947,9226
5259,9226
2849,9226
9595,9226
9977,10511
3819,10511
1724,10511
2668,10511
5259,10511
9850,10511
8827,10511
1320,10511
8731,1320
2668,1320
8731,8827
2668,8827
9850,7071
8008,7071
4947,7071
5259,7071
2849,7071
9977,7071
9595,7071
9988,5261
9692,5261
9562,5261
1725,5261
9977,1318
5259,1318
4106,9692
9434,9692
1724,1725
5259,1725
9692,1725
1724,8008
5259,8008
1315,2668
8334,1315
9024,1315
1315,3819
1315,8731
1729,4947
1724,4947
1729,9251
9700,5259
4106,9988
9434,9988
1727,9988
9692,9988
3050,9988
9692,3050
8676,3050
4106,1727
5268,1727
8676,1727
1724,9562
5259,9562
5268,9562
4106,9562
3819,9063
8334,9063
8516,9063
4099,9063
10496,9063
1724,8516
5259,8516
9024,9595
8334,9595
3081,1722
5260,1722
9938,1722
4705,1722
4959,1722
1314,6467
2945,6467
8334,10496
8516,10496
4099,10496
10496,4034
7229,4034
9700,7229
9692,7229
5268,1314
6458,1314
1730,1314
6462,3
3,3
2412,7026
2412,9826
8537,4997
4990,4997
6128,4997
6451,3203
6457,3203
6450,3203
4112,1707
7234,1707
1717,1707
4112,8584
7234,8584
6444,8584
7234,2757
7234,6444
1322,3063
9647,7
4,4
4,4
9,9
9,9
8658,8658
7290,7290
2800,7290
5232,5232
8755,9857
6981,8732
8732,5230
2419,5230
4983,4983
4053,4983
4053,4983
4053,4983
6550,4053
4982,4053
1835,6541
6550,6541
6550,2514
1835,2514
4982,7399
6544,8963
3607,8963
8963,8963
8963,8963
5233,8179
6475,1746
7675,4087
8609,4087
8000,9795
8609,6490
9795,1748
7675,1748
9795,6498
7675,6498
6490,7675
6469,8190
13,13
13,13
13,13
4506,6969
7481,6969
4080,6969
6461,6969
1733,6969
1738,1733
8540,1733
4345,1733
1326,1733
1735,8307
4507,8307
6478,8307
3325,8307
6478,7650
3325,7650
1735,7650
4507,7650
1735,4506
4507,4506
3271,4506
1738,1326
8082,1326
7529,1326
1736,1326
10528,4345
6478,4508
4507,4508
1735,4508
6969,4508
6459,4507
4046,4081
1740,4081
6459,3325
7650,1740
3271,1740
6969,1740
7481,1740
8307,1740
4508,1740
1740,6463
6478,4080
4507,4080
3271,4080
3145,3145
5266,4298
5266,4945
1702,1702
10,10
9954,10
10,10
2670,10
9954,10
8263,8942
4170,8942
1705,8263
8263,4170
4943,9954
4943,8448
12,12
1742,1742
1324,1324
1324,1324
1324,1324
1804,3551
9982,3551
3389,3551
25,3551
9274,3372
1804,3559
9982,3559
3389,3559
25,3559
9982,1325
9982,6523
9982,7676
9982,7144
9982,8012
9982,1806
9982,6525
1806,25
1806,1804
2547,2547
1749,1749
1750,4956
1750,6488
4956,1753
6488,1751
1360,1360
6482,1360
6482,1360
1360,1360
6482,1360
7176,1754
1758,1754
9092,4986
1800,9744
7708,9744
1809,9744
7708,7504
7708,4967
1809,1805
1809,4965
6515,6521
7716,6521
1817,6521
1807,6521
7203,6521
7716,7716
3471,7716
6513,3471
3459,3471
3471,3471
1817,1817
3459,1817
6513,3459
3471,3459
3459,3459
1332,1332
1332,1332
35,1789
6500,3639
6191,3639
3671,3639
3498,3639
3654,3639
1786,3639
3201,3639
4083,3639
1791,3639
7833,3639
35,3639
1785,3639
1788,3639
8321,4083
8321,3671
8321,3654
8321,3498
8321,1786
8321,3201
1791,35
8321,9000
29,7848
1335,7848
29,2661
1335,2661
3290,1790
1785,1790
6500,2728
3654,2728
1786,2728
3671,2728
3498,2728
1791,2728
1785,29
1785,8144
1785,7833
3654,6191
1786,6191
3201,6191
4083,6191
1791,6191
7833,6191
1785,4417
1785,1797
8321,6500
6524,7587
4232,7587
1793,7587
1795,7587
1794,7587
8664,7587
7538,7587
8222,7587
4083,4957
1786,4957
1791,4957
1785,4957
7833,4957
2661,4957
1797,4957
8321,1788
1785,8222
1798,3178
9009,8825
8201,36
4120,4161
4120,6526
4120,1802
6119,6508
6501,6508
7218,6508
8924,6508
4961,4955
7296,1771
7296,9363
1772,9363
4951,4953
7296,3324
1768,3324
1772,3324
4951,3997
7296,4958
1768,4958
1772,4958
4951,4950
1776,7099
7301,8900
6502,8900
3928,8900
9177,8900
1776,8900
10513,8900
1774,8900
7099,8900
7301,10120
1774,9239
1774,1778
1774,3945
9239,3945
1778,3945
1774,26
9550,8780
4646,9447
7386,9447
4646,7500
4646,8048
4646,6504
4861,3167
4646,6486
6495,6486
1337,6486
4504,6486
6485,6486
4646,37
4646,37
6495,37
1337,37
4646,2397
6495,2397
1337,2397
6485,2397
4646,2397
6485,2397
4646,6507
4646,6507
6495,6507
1337,6507
6504,6507
1762,6507
4646,6480
6495,6480
1337,6480
4646,6480
9435,1770
8048,6485
6486,1338
1338,1338
1338,1338
1761,3704
3686,6537
7354,1810
1784,1812
1784,3298
6510,6527
1808,6527
1811,1784
1340,1340
1340,1340
1340,1340
7011,7011
4835,4835
6624,6624
9170,1684
1684,1684
1341,1686
1686,2639
8461,4078
1685,4078
4078,4078
7070,8461
4098,4098
4989,4098
4098,1346
6566,1346
4098,1346
6566,1346
4939,4935
1690,4935
6148,4935
4935,4935
4939,6112
6112,6112
4939,6112
3713,3713
4941,4941
4834,4941
5294,4941
6439,4941
5294,5294
9486,6880
9486,6885
9607,8220
2787,8220
4297,4297
4297,4297
4297,4297
1344,4297
4297,3832
3069,3069
3069,3069
3069,3069
9638,3069
3069,3936
3647,3647
10285,10285
2346,3630
2346,40
1695,1695
3581,3581
9202,7163
4768,7163
6929,7163
1862,7163
9598,7163
1865,7518
1865,5002
5001,1862
5005,6114
6570,6114
6114,1866
9718,1866
6114,39
9718,39
5005,39
6575,39
6114,39
9718,39
5005,39
6575,39
6114,39
9718,39
4995,2933
7436,2654
2654,5117
2654,4171
2654,5013
2654,2786
8721,5263
7921,4072
8154,7851
4518,4518
1906,8781
1903,8781
1907,8781
6604,4048
1910,4048
2641,5009
6599,2641
10258,2641
8490,1351
9619,6598
7280,6598
7280,6587
2625,46
4117,7280
41,7280
2625,7280
6918,7280
2983,2983
6619,6619
9147,3975
8500,3975
8074,9489
8752,1880
9489,1880
6627,3226
4522,10101
7934,9193
4522,3611
4522,3611
4522,4107
4522,4107
4522,3463
4522,3463
7934,4522
7934,4520
4843,7088
7400,7088
6591,7494
5097,7494
4239,7494
7497,7494
1895,5269
3005,5269
7497,2429
1896,51
7192,51
1353,1891
8030,4519
7081,4519
1352,1893
1352,1897
6601,1889
1885,1885
1885,6595
7307,6595
7950,1886
2443,1886
4084,9073
4025,5010
2523,5010
6596,5010
5000,5010
9413,1890
4025,9413
6965,1888
7876,6586
1868,7755
1868,7755
7072,3070
7695,6577
2430,5006
9196,9513
4927,59
9760,9268
9535,9268
100,9268
1678,2740
5101,5327
1677,5329
4554,5331
5347,8423
3054,8423
4926,8423
7147,8423
9196,5328
59,60
10310,60
5347,4067
3054,4067
6054,4067
5466,4067
6054,4067
5466,4067
6057,5324
5347,65
3054,65
6054,65
6424,65
5101,7012
5328,93
8423,93
100,93
6057,93
6054,93
9760,93
9912,93
1678,93
5324,93
4067,93
9268,93
5347,93
2740,93
7012,93
4067,2656
9268,2656
5347,2656
100,2656
8423,2656
5324,2656
2740,2656
65,9396
100,9396
8423,9396
5328,9396
6057,9396
5324,9396
7012,9396
100,7858
8423,7858
61,7858
9268,91
5347,91
2740,91
634,63
638,63
898,63
9535,63
100,63
636,68
3784,6142
3925,62
5350,62
155,62
4736,62
159,62
5347,62
3054,62
899,62
9624,62
5325,62
3272,62
638,62
898,62
9535,62
100,62
3925,62
5404,62
8685,62
9945,62
5366,62
3088,62
2328,62
899,62
9624,62
5325,62
3272,62
638,62
898,62
9535,62
100,62
9196,2451
4691,4401
2954,4401
6028,4401
5376,8969
5347,8969
3054,8969
899,8969
9624,8969
643,8969
5376,5323
5347,5323
3054,5323
899,5323
9624,5323
643,5323
5376,5322
5347,5322
3054,5322
899,5322
9624,5322
3272,5322
5376,66
5347,66
3054,66
899,66
9624,66
3272,66
5376,9077
5347,9077
3054,9077
899,9077
9624,9077
5376,4540
5347,4540
3054,4540
899,4540
9624,4540
5101,67
5376,4478
5347,4478
3054,4478
899,4478
9624,4478
4690,4478
643,4478
5376,10094
5347,10094
3054,10094
899,10094
9624,10094
4690,10094
643,10094
4686,9066
8969,5340
100,5340
4478,5340
63,5340
5347,5340
4571,5340
5322,5340
9077,5340
5323,3158
100,3158
10094,3158
63,3158
5347,3158
4571,3158
66,3158
4540,3158
9077,5341
100,5341
4478,5341
2451,5341
3054,5341
899,5341
9624,5341
4256,5341
67,5341
4540,96
100,96
10094,96
2451,96
3054,96
899,96
9624,96
4256,96
67,96
63,95
5347,95
64,95
9196,4534
5661,7946
625,7946
9014,7946
9918,4536
9014,4536
10105,8878
73,8878
5665,8878
60,8878
8382,8878
4401,8878
4678,8878
3337,3397
9014,3397
9084,2836
5347,5330
3054,5330
3979,5330
9014,5330
7761,4539
9014,4539
5101,3682
8524,4027
9014,4027
2994,7243
9014,7243
616,69
9014,69
5376,4535
5347,4535
3054,4535
7021,4535
4672,4535
898,4535
9535,4535
100,4535
5376,4533
5347,4533
3054,4533
899,4533
2449,4533
9346,4533
9535,4533
100,4533
4677,9320
5347,4538
3054,4538
5669,4538
9014,4538
10105,2467
5105,2467
2866,2467
4704,2467
4700,2467
4129,2467
9014,2467
5143,70
5143,8464
5143,5326
2836,10039
4536,10039
10070,8156
7558,8156
2506,8156
2680,8156
7216,8156
5697,8156
706,8156
4050,8156
6425,8156
3564,8156
676,8156
3054,8156
7021,8156
5693,8156
7219,8156
4690,8156
6932,8156
9960,8156
5636,8156
5632,8156
688,8156
2415,8156
7915,8156
10006,8156
4688,8156
10548,8156
9625,8156
5626,8156
569,8156
7126,8156
570,8156
1342,8156
9528,8156
9269,8156
3375,8156
9252,8156
10070,3591
7558,3591
2506,3591
2680,3591
676,3591
3054,3591
7021,3591
5693,3591
575,3591
3564,3591
5643,3591
7358,3591
574,3591
1342,3591
9528,3591
3619,3591
696,3591
10060,3591
4247,3591
7219,3591
4690,3591
4032,3591
8487,3591
9335,3591
5121,3591
5635,3591
7703,3591
4658,3591
573,3591
4450,3591
584,3591
9727,3591
4536,4542
100,4542
4538,4542
4536,9651
9681,9651
10105,9651
7216,9651
5697,9651
706,9651
4050,9651
2467,9651
4536,5342
9681,5342
10105,5342
7216,5342
5697,5342
706,5342
4050,5342
2467,5342
4536,8611
9681,8611
10105,8611
7216,8611
5697,8611
706,8611
4050,8611
2467,8611
7580,71
9965,71
3314,8492
10050,9932
10847,7827
77,74
9751,9949
665,9282
9346,9282
9912,9282
100,9282
7139,78
9730,3198
672,7702
9535,7702
100,7702
3753,79
9535,79
100,79
4554,7912
9196,8905
671,73
2920,73
9932,73
5105,73
7188,73
2650,73
3770,73
4694,73
88,73
677,73
2499,73
5101,76
5348,97
703,5348
7723,5348
9496,5348
4703,9454
698,5335
4149,8885
5300,86
704,82
4277,82
704,87
689,87
704,84
9313,84
704,7627
700,7627
704,89
3138,89
704,85
4418,85
704,5338
7959,5338
704,5118
3240,5118
704,80
7613,80
701,81
9196,83
684,7875
9346,7875
9535,7875
100,7875
9340,5103
9496,5103
7317,92
681,5336
5101,94
3048,88
5336,98
7875,98
5103,98
92,98
5332,98
83,6982
3054,6982
7021,6982
5693,6982
7875,6982
5347,6982
94,6982
83,9002
696,9002
5701,9002
5103,9002
94,9002
83,4257
7705,4257
92,4257
94,4257
7930,5333
8879,5333
5347,5333
3054,5333
899,5333
9624,5333
5376,5333
5376,7640
3011,7640
8751,7640
3180,7640
9681,7640
5376,5337
8338,5337
4229,5337
5813,5337
8751,5337
5788,5337
6136,5337
7178,90
178,90
2836,7840
5699,7840
5466,7840
7751,7840
2584,5334
9320,8471
5386,8471
174,8471
9196,8772
5770,101
5376,101
727,101
7751,101
120,101
5466,101
861,101
872,101
8855,101
5762,5345
8740,5345
8878,5345
3440,5345
9694,5345
8787,5345
842,7727
5770,10083
3129,10083
740,10083
5762,105
8597,105
5762,2733
4201,2733
121,2733
8494,2733
5466,2733
5762,109
733,109
5770,107
5376,107
2927,107
9535,107
100,107
5762,106
732,106
5762,4553
731,4553
3440,6176
847,108
115,108
5101,5349
5770,5346
5376,5346
741,5346
3358,5346
7751,5346
5762,7555
130,7555
730,7555
7751,7555
5762,2711
5712,2711
7751,2711
5770,4308
5376,4308
5347,4308
3054,4308
8559,4308
7751,4308
5762,3431
7671,3431
7751,3431
5386,4541
3491,4541
4553,10549
109,10549
105,10549
106,10549
4541,10549
108,4225
101,4225
8772,4225
100,4225
4308,4225
107,4225
5347,4225
5349,4225
8772,9440
108,9440
101,9440
104,9440
4541,9440
7727,9440
108,8806
8772,8806
101,8806
104,8806
120,8806
5346,8806
8672,8806
5376,8806
727,8806
741,8806
5349,8806
108,8809
8772,8809
121,8809
3281,8809
7555,8809
4419,8809
2733,8809
5349,8809
8772,9663
2711,9663
5349,9663
8772,3631
3431,3631
5349,3631
5184,4547
843,4547
5375,4547
5184,9303
844,9303
9535,9303
100,9303
5184,110
6174,110
1282,4259
6405,4259
9490,4259
1230,4259
8779,4259
161,3774
5125,4548
4546,4548
6876,4545
7463,111
2337,2807
6876,10498
9303,10498
4554,10498
7463,10498
4110,5359
4859,4551
6883,5353
6873,3829
4855,3829
155,5356
7095,5356
9196,126
212,9258
9473,9258
5375,9258
6214,9258
10851,5343
9535,5343
100,5343
5787,8376
9923,8376
1282,5352
6405,5352
9490,5352
1230,5352
8779,5352
155,5351
846,5351
5101,113
155,5354
7207,5354
161,3146
126,5422
907,5422
5375,5422
5356,5422
5354,5422
5351,5422
113,5422
5343,5424
5347,5424
8376,5424
9344,5424
5350,5424
3146,5424
5352,5424
9196,9397
5512,8342
9351,123
4196,123
114,123
5145,123
2442,123
7885,123
352,3039
4266,3039
187,3039
4611,3039
4610,3039
164,3039
4607,3039
7574,3039
5517,3039
5367,3039
352,124
347,124
5466,124
7751,124
342,9114
5516,9114
352,9664
5376,9664
4606,9664
3358,9664
352,117
8751,117
4606,117
3358,117
8928,7837
7649,118
175,118
4559,118
9865,7068
349,8456
308,8456
349,116
310,116
349,5358
9605,5358
349,125
7620,125
349,9236
6927,9236
349,129
4318,129
349,5357
312,5357
5513,4544
342,9622
349,8302
3371,8302
9412,3827
115,3827
10524,3827
5101,3809
349,9057
7871,9057
349,3695
309,3695
349,4552
8371,4552
349,128
8317,128
349,4555
307,4555
349,3448
313,3448
349,8182
8699,8182
349,127
3698,127
300,7711
9959,7711
5466,7711
9196,10029
9114,131
359,131
122,3741
360,3741
5101,7660
8456,4549
9196,5355
5659,4550
601,132
7721,3715
5654,9394
2450,8438
5101,8011
5658,3535
7751,3535
9245,9382
7751,9382
604,4558
7751,4558
9196,136
5657,3281
5466,3281
7751,3281
2537,5367
4550,5367
130,135
605,135
3358,135
4275,4559
132,4559
5101,7947
4110,137
4859,2662
6883,4561
6873,9450
4855,9450
5344,4560
159,4560
102,4560
100,4560
9196,9262
849,133
7751,133
115,133
7813,9573
9309,9573
3130,8819
6883,8819
4547,8819
4859,8819
3805,8819
2491,8819
4548,8819
137,8819
4710,8901
850,8901
2328,8623
9535,8623
100,8623
2553,3302
9659,141
2325,3613
7626,4556
3640,5365
1282,134
9975,134
9490,134
1230,134
8779,134
3773,8640
4710,8124
5775,4409
115,4409
5101,9675
4712,5362
7751,5362
856,8493
7751,8493
4554,5368
5368,144
5125,8868
140,8868
6876,3488
7463,9048
6876,139
143,139
5365,139
7463,139
9196,9571
854,142
7751,142
5360,142
9255,142
212,149
3273,7115
852,5364
8326,5364
9255,5364
5101,3467
9804,4260
3640,4260
4571,7458
8901,7458
9262,7458
5362,7458
3613,7458
682,7458
5726,7458
9675,7458
4571,222
8901,222
9262,222
8493,222
5365,222
9164,222
726,222
9675,222
9196,9160
9443,147
4303,147
7977,147
7669,145
9764,8497
853,8688
212,7602
4724,7602
10093,7741
5101,3596
4303,148
4727,148
4978,9678
9196,160
173,157
862,157
7031,157
7328,157
2939,157
859,157
8950,157
4562,157
5376,2489
5347,2489
3054,2489
858,2489
6882,159
9535,159
100,159
2802,7107
8215,156
6884,162
10848,9592
1282,158
6405,158
8779,158
5801,163
2937,163
8300,5375
5381,5375
8941,5375
5101,3624
4554,161
8990,161
9196,4023
5790,7550
8338,5377
4229,5377
5812,5377
5394,5377
933,5377
865,5377
5809,5377
8901,5377
5366,5377
7989,5377
8457,5377
2767,5377
8338,5378
871,5378
5366,5378
6883,5378
8195,5378
2551,5378
4859,5378
3805,5378
2491,5378
8868,5378
5359,5378
8338,5383
7989,5383
4751,5383
5466,5383
5405,9487
8338,9487
7989,9487
7704,9487
2540,9487
3358,9487
4734,7649
861,165
860,165
861,168
7748,168
861,5372
7980,5372
9535,5372
100,5372
5405,166
8338,166
7989,166
7704,166
3927,166
861,4564
873,4564
861,9506
7951,9506
9535,9506
100,9506
861,10515
2473,10515
861,4261
867,4261
861,5386
872,5386
861,7137
7929,7137
10003,9423
8716,2904
115,2904
861,164
3665,164
8878,164
10003,164
4737,164
5101,5373
861,4379
130,4379
8554,4379
7751,4379
861,7849
869,7849
7751,7849
861,5387
5347,5387
3054,5387
3262,5387
7751,5387
861,169
5347,169
3054,169
4186,169
7751,169
861,3323
8595,3323
7751,3323
3054,4571
9243,4571
9271,4571
10787,4571
4938,4571
4255,4571
10788,4571
187,4571
8563,4571
9114,4571
164,4571
10787,4571
4938,4571
4255,4571
10788,4571
187,4571
8563,4571
9114,4571
164,4571
10787,4571
4938,4571
4255,4571
10788,4571
187,4571
8563,4571
9114,4571
164,4571
100,3131
4563,3131
167,3131
2489,3131
100,3131
4563,3131
167,3131
2489,3131
2369,5439
158,8295
2904,8295
170,8295
166,8295
5383,8295
5379,8295
2857,8295
3919,8295
4023,8295
9487,8295
7550,8295
4023,223
5382,223
121,223
3281,223
4379,223
5385,223
5373,223
4023,5445
7849,5445
168,5445
5373,5445
4023,4572
100,4572
5387,4572
5372,4572
5347,4572
5373,4572
4023,8244
100,8244
169,8244
9506,8244
5347,8244
5373,8244
4023,5440
3323,5440
5386,5440
5373,5440
7550,2881
3042,2881
3054,2881
9271,2881
910,2881
9963,2881
166,2881
5379,2881
170,2881
7178,2881
182,171
5380,171
2468,171
5376,167
7031,167
862,167
823,5381
4709,8990
9196,8140
5347,172
3054,172
7897,172
885,172
5466,172
7751,172
5376,4563
859,4563
3913,3225
881,3225
3358,3225
8535,4565
8153,4565
5306,2939
7328,3045
9749,182
3501,182
878,182
5101,7715
356,184
861,184
872,184
3364,8187
130,8187
5751,8187
7751,8187
9196,9627
3056,7172
1342,8072
121,8072
8494,8072
3364,8072
5753,8072
5466,8072
5788,8072
5760,8072
5394,8072
5759,8072
5345,8072
5761,8072
2767,8072
5788,2398
5772,2398
5466,2398
7751,2398
5788,180
838,180
5466,180
5788,180
7704,180
838,180
5466,180
5788,5401
2773,5401
839,5401
3358,5401
5788,2531
7704,2531
3390,2531
3358,2531
886,175
3364,177
2617,177
3364,176
5752,176
6176,3282
104,3282
9423,3282
166,3282
5366,3282
6176,7670
104,7670
9423,7670
5379,7670
3364,8940
4329,8940
3364,174
2541,174
8874,2594
4860,5395
115,5395
8874,7574
8988,7574
3364,4477
130,4477
832,4477
3358,4477
5101,5392
3364,5393
831,5393
7751,5393
3364,186
4719,186
7751,186
4553,197
5800,197
1342,5430
5737,5430
10787,5430
4938,5430
4255,5430
10788,5430
187,5430
8563,5430
9114,5430
7574,5430
179,4306
174,4306
176,4306
177,4306
8940,4306
2594,4306
197,4306
5395,8711
9627,8711
2398,8711
108,8711
945,8711
54,8711
8723,8711
4571,8711
2904,8711
101,8711
183,8711
5756,8711
5759,8711
5762,8711
731,8711
7670,8711
5392,8711
5395,3510
9627,3510
180,3510
9407,3510
5756,3510
5761,3510
6863,3510
180,3510
5392,3510
5395,8356
121,8356
3281,8356
9627,8356
8187,8356
181,8356
4477,8356
5392,8356
5395,5431
9627,5431
183,5431
5401,5431
7727,5431
5392,5431
5395,7999
180,7999
180,7999
9627,7999
2531,7999
9407,7999
5392,7999
9627,4413
5395,4413
2594,4413
3980,4413
197,4413
7172,4413
5392,4413
9627,8715
5393,8715
176,8715
5392,8715
9627,3458
186,3458
174,3458
5392,3458
5395,5442
9627,5442
8751,5442
5788,5442
6136,5442
178,5442
4501,5442
7180,5442
5760,5442
7410,5442
2398,8194
180,8194
10787,8194
4938,8194
4255,8194
10788,8194
187,8194
910,8194
2767,8194
180,8194
183,8194
3054,8194
9271,8194
9963,8194
3282,8194
178,8194
9407,8194
2330,7935
9535,7935
100,7935
2332,196
9196,7259
4928,195
3438,195
4928,193
1650,193
4928,2752
6414,2752
5101,189
4928,191
3588,191
7751,191
4928,9097
1667,9097
7751,9097
4928,194
7807,194
9196,7592
9600,9355
3853,9355
5466,9355
7751,9355
194,192
5399,192
1692,192
9600,8922
3421,8922
3358,8922
9600,188
4928,188
9828,188
9828,6978
9600,5400
9375,5400
5466,5400
7751,5400
5101,5397
7187,187
4925,187
7592,3649
9355,3649
6978,3649
193,3649
7187,3649
1692,3649
4928,3649
9828,3649
5397,3649
10520,7170
6978,7170
5400,4573
7592,4573
8922,4573
6978,4573
7187,4573
1692,4573
4928,4573
9828,4573
5397,4573
5400,8652
7592,8652
7187,8652
1692,8652
4923,8652
6978,8652
5397,8652
7592,9747
5400,9747
6978,9747
7187,9747
1692,9747
4928,9747
9828,9747
5397,9747
190,4570
195,4570
3090,4570
9828,4570
2752,4570
7259,6001
191,6001
195,6001
4928,6001
3438,6001
3588,6001
189,6001
7259,3908
9097,3908
193,3908
4928,3908
1650,3908
1667,3908
189,3908
194,2972
5399,2972
1692,2972
9600,5396
4928,5396
9828,5396
7906,5398
212,7278
7414,7278
5376,4301
5347,4301
3054,4301
899,4301
9624,4301
8954,4301
9196,199
711,7180
3264,4501
5101,5391
8797,5389
7751,5389
4701,9807
7751,9807
8180,4070
7751,4070
5698,8345
7145,5394
710,5394
5694,7395
638,7395
898,7395
9535,7395
100,7395
718,5150
9196,3439
5937,5144
9600,5144
4928,5144
7362,5144
7751,5144
5420,9943
21,9943
211,9943
4980,9943
4449,4262
9258,3202
9804,3202
149,3202
7278,3202
7602,3202
4287,8766
6879,8766
9997,8766
147,8766
3514,8766
3805,8766
2491,8766
3251,8766
5419,8766
155,2857
2394,2857
5366,2857
9999,2857
265,2857
4575,2857
258,2857
4980,2857
2394,5408
4303,5408
2400,5408
5366,5418
2394,5418
4782,5418
4303,2501
2394,2501
4785,2501
5350,5417
155,5417
2394,5417
4303,5417
5765,5417
9999,5417
9804,5417
4782,5417
5398,5417
9301,5417
2394,10490
9301,10490
2394,5414
9906,5414
8845,5414
2394,7990
4303,7990
8073,7990
5937,5416
9669,5416
6888,5409
3307,5388
7396,5388
9194,5388
2594,5388
3282,5388
3640,5388
5123,5406
6863,202
2938,203
2394,201
3984,201
9975,201
9490,201
1230,201
8779,201
6103,5405
6877,5402
1063,5410
115,5410
184,5410
5101,5403
5937,3964
9600,3964
4928,3964
1073,3964
7751,3964
2666,3919
7751,3919
5937,8404
9732,8404
7751,8404
5937,7806
9175,7806
7751,7806
5937,2767
4778,2767
4479,2767
6877,2767
7903,2767
10789,7215
3105,7215
2298,7215
2300,7215
9590,7215
9196,5415
6529,5428
6876,4486
7463,5407
8149,4485
1829,2896
5101,206
6528,207
7255,208
6876,205
5112,205
7463,205
5125,3251
4486,4566
5407,4566
4485,4566
2896,4566
205,4566
5415,7632
207,7632
5428,7632
206,7632
5415,4567
208,4567
2896,4567
206,4567
3892,3413
8365,8685
7834,5427
6874,5427
40,5419
5343,8695
102,8695
100,8695
9945,5411
5365,5411
5350,5413
159,5413
102,5413
100,5413
7704,5423
112,5423
155,5423
5366,5423
5185,5423
5718,5423
5404,5423
8685,5423
5466,5423
5717,5423
152,5423
9196,5426
9600,7418
4928,7418
4282,7418
7751,7418
5404,7090
8685,7090
5466,7090
3289,5420
2352,7916
4976,211
5404,217
3413,217
5407,217
5404,214
3413,214
4486,214
9997,5421
5404,5421
8685,5421
5466,5421
2349,5425
5802,216
4479,216
2619,215
4972,8687
7843,10008
9600,213
4928,213
5799,213
3319,220
5101,7737
9600,3674
4928,3674
8397,3674
7751,3674
33,3617
9260,3859
6547,218
8501,221
9148,219
5426,224
5420,224
3617,224
7737,224
5426,8407
211,8407
3859,8407
7737,8407
5426,5444
10008,5444
218,5444
7737,5444
5426,5432
220,5432
4303,5432
2600,5432
7737,5432
5426,4569
215,4569
221,4569
7737,4569
5426,3931
8687,3931
219,3931
7737,3931
2527,226
202,226
5416,226
5405,226
203,226
5409,226
3439,226
5410,226
5402,226
4262,226
5403,226
3439,5437
3054,5437
9271,5437
910,5437
9963,5437
8901,5437
907,5437
5375,5437
5410,5437
2857,5437
5404,5437
8685,5437
5406,5437
5403,5437
5379,2629
5410,2629
5418,2629
3439,2629
5408,2629
5404,2629
3413,2629
4486,2629
5407,2629
5425,2629
7916,2629
4485,2629
5403,2629
3439,4574
5379,4574
5410,4574
5418,4574
5404,4574
8685,4574
5406,4574
5403,4574
3439,4181
5379,4181
5410,4181
5418,4181
2501,4181
5404,4181
8685,4181
5406,4181
5421,4181
5403,4181
5379,9926
907,9926
5375,9926
5410,9926
2857,9926
5418,9926
9344,9926
10490,9926
203,9926
3439,9926
5417,9926
5403,9926
5379,225
5410,225
5418,225
5408,225
3439,225
5404,225
3413,225
5414,225
5409,225
5403,225
5379,8089
5410,8089
5418,8089
3439,8089
5404,8089
8685,8089
7990,8089
203,8089
5403,8089
5410,4568
201,4568
5410,5434
3919,5434
3439,9457
5410,9457
8404,9457
5416,9457
5403,9457
3439,2717
5410,2717
7806,2717
202,2717
5403,2717
9355,4263
3439,4263
5410,4263
5144,4263
204,4263
3964,4263
5403,4263
3439,10444
5410,10444
9344,10444
10490,10444
5404,10444
8685,10444
5406,10444
5398,10444
2962,10444
5403,10444
9064,5438
8878,5438
4941,8312
8499,8312
2351,8312
4039,8312
5148,8312
4297,8460
3069,5433
9059,5149
9255,8075
2246,5151
1700,3777
5931,5146
2748,5146
1692,9551
4928,9551
8713,9551
5429,9551
6434,4039
4928,4039
8713,4039
9196,7456
131,5443
240,5443
242,4852
8726,4852
9059,4852
8405,4852
8841,4852
2735,4852
265,4852
6825,4852
3012,4852
9255,4852
5101,234
10526,233
2410,233
8414,233
4512,233
7704,233
8143,233
6368,233
10504,233
9897,233
2735,233
5083,233
9255,233
1609,233
1181,233
3137,8841
40,3125
8743,3270
6876,7663
7463,8465
5125,5447
8465,251
7663,4587
8117,2790
8767,2790
3731,2790
9662,7495
245,7495
2707,8854
6876,243
7463,6171
5125,3474
238,3474
3480,8083
7954,9975
6405,9975
4859,2966
4110,247
9430,7063
1262,2707
9535,2707
100,2707
9927,3391
6897,245
5450,245
2356,245
2364,245
5347,245
3054,245
5451,245
9279,2899
5314,9759
7288,249
3109,248
6070,5450
2720,8002
3327,5466
8686,8301
4835,8301
9059,10058
8704,10058
265,10058
4580,10058
5458,10058
4605,10058
9652,10058
4603,10058
9432,10058
3252,10058
270,10058
5469,10058
4604,10058
300,10058
325,10058
1673,8355
1669,8355
9287,8355
1673,1670
1669,1670
9287,1670
1673,2445
1669,2445
9287,2445
1673,6122
1669,6122
9287,6122
1673,7043
1669,7043
9287,7043
1247,269
1247,269
1247,268
1247,268
8057,5456
4600,5456
2565,5456
9864,5456
8996,5456
3291,5456
8473,5456
3973,5456
5480,5456
6953,3164
9039,3164
8704,3164
349,3164
312,3164
9856,3164
308,3164
9265,3164
310,3164
4590,3164
3371,3164
6927,3164
7743,3164
7001,3164
9605,3164
272,3164
7620,3164
8925,3164
4318,3164
4589,3164
10084,3164
4593,3164
9255,3164
3594,3164
1965,3164
1636,267
7325,267
280,267
8341,266
3483,266
9475,266
1644,266
7344,266
4594,266
6804,266
8473,266
8615,266
3973,266
4026,266
5480,266
6857,266
5477,266
8107,266
2186,266
9297,266
7138,266
5473,266
2187,266
8649,266
2179,266
9655,266
1253,266
9143,266
2561,266
2183,266
4601,266
10315,266
289,266
6139,266
9724,266
6849,266
4825,266
287,266
6152,266
2474,266
6844,266
3291,266
1642,266
8710,266
6996,266
2889,266
5474,266
9142,266
4599,266
8006,266
2170,266
4597,266
6791,266
4614,266
3032,266
3667,266
6785,266
2603,266
6807,266
5470,266
2189,266
3915,266
1636,266
7103,266
282,266
6795,266
288,266
6796,266
281,266
4596,9165
4019,9165
6069,9165
8057,9165
9900,9165
6435,2565
9864,2565
6421,2565
8996,2565
1687,4596
4019,4596
9633,4596
6069,4596
8855,9255
8592,9255
3550,4265
4629,4265
9059,5493
9255,5493
305,9033
4481,5494
9059,5495
519,5495
336,5495
3805,345
2491,345
841,345
5503,5496
5765,338
3088,338
861,338
873,338
9804,338
3088,338
861,338
873,338
7114,7910
6882,7124
4736,7124
861,7124
873,7124
4032,7124
4032,344
5503,9376
10851,3418
5765,3418
3088,3418
861,3418
873,3418
5503,340
10043,7541
3676,10487
7620,10487
4318,10487
6927,10487
8855,9116
8855,3504
8855,305
3676,305
7620,305
9059,305
8855,4481
3676,4481
7620,4481
9059,4481
3676,9272
8855,306
310,4383
8145,4383
8480,300
504,315
5593,315
7498,315
3432,315
9255,315
9643,315
8874,315
3056,315
7830,315
8087,302
2843,302
8499,302
7408,302
8446,302
9255,302
8449,302
3693,302
5595,302
8855,302
7408,303
371,303
327,303
332,303
331,303
353,303
5535,303
5518,303
5525,303
3316,303
2537,303
311,303
3493,303
316,303
7119,303
361,303
9255,303
383,5490
9255,5490
10787,5490
4938,5490
4255,5490
10788,5490
4920,314
10084,314
3722,314
7662,314
2930,314
8479,314
9255,314
341,314
383,304
9255,304
10787,304
4938,304
4255,304
10788,304
5505,7871
9255,7871
2490,309
9255,309
5509,8371
9255,8371
7379,8317
9255,8317
358,3664
9255,3664
4608,307
9255,307
357,313
9255,313
7520,8699
9255,8699
5514,3698
9255,3698
10487,2843
333,2843
10121,2843
7066,2843
371,2843
327,2843
332,2843
5527,2843
4620,2843
339,2843
4032,2843
3532,2843
7408,9901
8046,7097
9890,7367
9255,7119
8874,7000
5788,7000
5759,7000
3440,7000
5770,7000
740,7000
741,7000
9255,7000
5515,318
9351,10065
9412,10065
349,10065
310,10065
3594,10065
1965,10065
9989,10065
330,10065
1700,10065
1699,10065
1223,10065
3703,10065
2514,10065
2990,10065
5512,10065
9255,10065
5515,10065
4514,10065
335,10065
4318,10065
3676,10065
6443,10065
1119,10065
7620,10065
2828,325
9255,325
9196,322
9362,320
9255,320
5116,317
9255,317
5101,7767
3550,3043
4480,3043
10539,3043
355,3043
3550,323
4480,323
8111,323
8294,323
3550,326
4480,326
8111,326
355,326
10539,326
3550,8425
305,8425
10539,8425
341,8425
1045,7863
6145,7863
8520,7863
5926,7863
8525,7863
7969,7863
7027,7863
1064,7863
2922,7863
5938,7863
1045,7863
5937,321
5939,321
1045,329
6145,329
8520,329
5926,329
8525,329
7969,329
7027,329
1064,329
2922,329
5938,329
1045,329
2369,2862
4524,4386
3432,9872
9255,9872
7830,9872
361,1660
9255,1660
5656,8563
1659,8563
9026,8723
9255,8723
909,4524
3214,4524
9255,4524
3214,4524
9255,4524
4482,3526
9255,3526
3585,3526
9255,3526
2828,5257
9344,1656
4191,4842
2005,4842
8111,4842
8214,3475
10518,3475
957,4086
9535,4086
7599,4086
6942,4086
861,8096
873,8096
2507,8096
932,8096
8111,6413
861,1657
873,1657
2507,1657
8214,1658
8310,9817
343,9817
7124,9817
3988,9817
4032,9817
2858,9817
406,9817
8363,9817
8347,9817
861,395
873,395
411,8538
399,8538
5160,8538
10003,8538
8716,8538
8211,8538
8338,8538
865,8538
5811,8538
9115,8538
396,8538
9492,8538
9961,8538
400,8538
9099,8538
3490,8538
404,8538
7817,8538
10014,8538
5156,8538
749,8538
411,7150
5114,7150
5550,7150
4001,7150
7025,7150
5548,7150
5530,7150
8633,7150
399,7150
5160,7150
9962,7150
8338,7150
865,7150
5811,7150
2606,7150
9115,7150
396,7150
7502,7150
9492,7150
4623,7150
9099,7150
3321,7150
3490,7150
3902,7150
404,7150
4622,7150
7817,7150
7739,7150
10014,7150
9040,7150
5156,7150
3873,7150
9854,7150
4108,7150
5159,7150
3335,7150
394,7150
9934,7150
5549,7150
8574,390
7488,390
7789,390
4231,390
397,390
5168,390
5550,390
7757,390
7866,390
7832,390
955,390
3843,390
10066,390
6132,390
8577,391
8574,391
7443,391
5550,391
6141,391
8491,391
411,391
10066,391
7880,391
401,391
399,391
409,391
8491,7453
7939,7453
3839,7453
4621,7453
412,7453
410,7453
8981,7453
2552,7453
413,7453
4619,7453
402,7453
749,7453
2458,392
5155,392
8338,393
865,393
5811,393
7860,393
2908,393
409,7746
8577,7746
8856,7746
5787,7746
9566,7746
3675,7746
8499,7746
2351,7746
760,7746
5801,7746
8211,7746
398,8141
408,8141
8574,8141
409,8141
8043,8310
401,8310
6141,8310
405,8310
403,8310
9383,8310
773,8310
7920,407
8338,407
8058,407
7880,407
3906,407
7775,407
416,407
417,407
9087,407
5741,407
9140,407
8234,407
418,407
414,407
3801,407
3897,407
419,407
8950,407
813,407
1022,1652
3316,1652
8716,1652
8338,1652
865,1652
5811,1652
7989,1652
937,1652
1063,1652
2938,1652
2394,1652
8066,1652
4785,1652
2281,1652
8370,1652
6188,1652
4513,1652
4287,1652
6879,1652
1022,6412
3407,6412
7595,6412
3062,6412
961,6412
861,6412
873,6412
7968,6412
8111,6412
362,6412
9344,6412
376,6412
3062,9390
1022,9390
3407,9390
7595,9390
961,9390
861,9390
873,9390
7968,9390
8111,9390
362,9390
9344,9390
376,9390
2005,9390
367,9390
1022,8210
3407,8210
7595,8210
3062,8210
961,8210
861,8210
873,8210
7968,8210
8111,8210
362,8210
9344,8210
376,8210
367,8210
1022,4470
3407,4470
7595,4470
3062,4470
961,4470
861,4470
873,4470
7968,4470
8111,4470
362,4470
9344,4470
376,4470
367,4470
1022,9888
3407,9888
7595,9888
3062,9888
961,9888
861,9888
873,9888
7968,9888
8111,9888
362,9888
9344,9888
376,9888
367,9888
3062,2703
1022,2703
3407,2703
7595,2703
961,2703
861,2703
873,2703
7968,2703
8111,2703
362,2703
9344,2703
376,2703
10553,2703
1022,9136
3407,9136
7595,9136
3062,9136
961,9136
861,9136
873,9136
7968,9136
8111,9136
362,9136
9344,9136
376,9136
10553,9136
1022,1651
3316,1651
8716,1651
8338,1651
865,1651
5811,1651
7989,1651
937,1651
1063,1651
2394,1651
8066,1651
9301,1651
2400,1651
2281,1651
8370,1651
6188,1651
4513,1651
4287,1651
6879,1651
4480,3826
4480,9919
4480,7310
4480,3292
4480,8273
4480,5547
4480,7661
4480,7306
4480,3955
299,8035
9059,8035
4480,8035
355,8035
299,4628
305,4628
5607,4628
5737,4628
299,7516
5603,7516
4481,7516
4287,7516
6879,7516
3514,7516
524,7516
4650,7516
516,7516
305,7516
511,7516
5123,7516
2938,7516
6888,7516
389,7516
355,7516
9255,7516
5610,7516
355,7516
840,7516
861,7516
873,7516
2715,7516
840,7516
3364,7516
829,7516
9836,7516
4480,3426
840,5551
299,5551
5762,5551
729,5551
861,5551
873,5551
731,5551
872,5551
9059,5551
4481,5551
355,5551
511,5551
597,5545
299,5545
8802,5545
2779,5545
729,5545
4481,5545
355,5545
511,5545
840,421
5762,5537
731,5537
9059,5537
299,5537
729,5537
518,5537
299,5542
2779,5542
729,5542
517,5542
299,9668
2779,9668
729,9668
305,9668
8552,9668
5486,9668
4032,9668
341,9668
840,2608
299,2608
5762,2608
729,2608
861,2608
873,2608
4481,2608
8294,2608
511,2608
299,2696
2779,2696
729,2696
4648,2696
511,2696
840,423
299,423
9535,423
861,423
873,423
5762,423
729,423
4481,423
355,423
511,423
299,5538
2779,5538
729,5538
5606,5538
511,5538
3550,4627
4480,4627
355,4627
3550,4626
305,4626
4920,4626
7955,4626
9344,4626
341,4626
3550,426
4480,426
4920,426
7955,426
9344,426
341,426
5653,3489
4032,9673
354,3100
4480,3100
8499,9540
2351,9540
305,9540
5789,5564
305,422
602,422
341,422
4647,5539
327,5539
305,8641
305,4484
299,5544
4647,5544
305,5544
5607,5544
8552,5544
602,5544
4377,5544
9271,5544
341,5544
299,5560
4647,5560
305,5560
5607,5560
5737,5560
341,5560
299,5543
4647,5543
305,5543
5607,5543
9035,5543
3638,5543
341,5543
371,427
327,427
332,427
3550,427
9255,427
918,10068
10364,10068
341,10068
8481,5541
929,5541
9033,5541
299,8698
861,8698
873,8698
4481,8698
355,8698
4480,8698
299,4483
4480,4483
3805,4483
2491,4483
747,4483
9535,4483
355,4483
355,4483
299,424
4480,424
7114,424
355,424
355,424
299,3555
4480,3555
3805,3555
2491,3555
10851,3555
9535,3555
8294,3555
299,2607
4480,2607
7114,2607
8294,2607
4627,8875
4627,5540
5765,425
3088,425
861,425
873,425
9804,425
299,5562
4480,5562
3088,5562
861,5562
873,5562
2328,5562
9535,5562
355,5562
355,5562
299,430
4480,430
3088,430
861,430
873,430
2328,430
9535,430
8294,430
4627,7641
840,2973
3088,2973
861,2973
873,2973
2328,2973
9535,2973
299,2973
4480,2973
355,2973
840,428
299,428
3088,428
861,428
873,428
2328,428
4480,428
9535,428
355,428
840,8054
299,8054
3088,8054
861,8054
873,8054
2328,8054
4480,8054
9535,8054
355,8054
3550,4077
4475,4077
868,4077
4736,4077
861,4077
873,4077
5296,4077
9535,4077
880,4077
7884,4077
4481,4077
355,4077
3550,429
4480,429
4736,429
861,429
873,429
6882,429
9535,429
355,429
355,429
3550,438
4480,438
4736,438
861,438
873,438
10043,438
6882,438
9535,438
355,438
355,438
861,9017
873,9017
3550,9017
305,9017
4481,9017
7884,9017
3550,8224
4480,8224
10848,8224
6884,8224
8300,8224
4736,8224
6882,8224
861,8224
873,8224
8215,8224
9535,8224
2802,8224
2962,8224
2005,8224
8111,8224
8445,8224
9344,8224
9255,8224
5801,8224
3550,5559
4481,5559
7884,437
5306,437
7328,437
4475,437
868,437
4736,437
861,437
873,437
10017,437
2369,437
3550,437
305,437
4480,437
879,437
2468,437
7884,437
823,436
3284,436
4736,436
6882,436
9535,436
861,436
873,436
3550,435
4480,435
4736,435
861,435
873,435
6882,435
9535,435
8294,435
3550,5563
4480,5563
4736,5563
861,5563
873,5563
10043,5563
6882,5563
9535,5563
8294,5563
3550,434
5296,434
9535,434
880,434
7884,434
4480,434
8294,434
4627,9991
4627,3188
3550,3082
4480,3082
7884,3082
355,3082
3550,433
4480,433
4475,433
868,433
4736,433
861,433
873,433
6882,433
9535,433
880,433
7884,433
355,433
597,431
299,431
8802,431
861,431
873,431
4481,431
355,431
511,431
840,9284
861,8287
872,8287
9059,8287
299,8287
873,8287
4481,8287
8294,8287
299,9157
861,9157
873,9157
517,9157
861,4209
873,4209
898,4209
9912,4209
299,4209
324,4209
7544,4209
305,4629
5607,4629
4377,4629
8552,4629
9271,4629
341,4629
341,4629
299,6151
861,6151
873,6151
4648,6151
299,4268
9535,4268
861,4268
873,4268
4481,4268
355,4268
511,4268
299,444
9535,444
861,444
873,444
4481,444
355,444
511,444
299,2742
861,2742
873,2742
5606,2742
861,432
873,432
299,432
4481,432
355,432
3550,5556
4480,5556
10043,5556
10851,5556
9535,5556
5765,5556
3088,5556
861,5556
873,5556
355,5556
355,5556
10043,8413
3550,8413
4480,8413
355,8413
355,8413
3550,5553
4480,5553
10043,5553
5765,5553
3088,5553
861,5553
873,5553
355,5553
355,5553
3550,440
4480,440
9804,440
3088,440
861,440
873,440
10043,440
355,440
355,440
3550,7619
4480,7619
10043,7619
355,7619
355,7619
3550,7171
4480,7171
5765,7171
3088,7171
861,7171
873,7171
10043,7171
10851,7171
9535,7171
8294,7171
3550,8739
4480,8739
10043,8739
8294,8739
3550,442
4480,442
5765,442
3088,442
861,442
873,442
10043,442
8294,442
3550,4202
4480,4202
9804,4202
3088,4202
861,4202
873,4202
10043,4202
8294,4202
3550,2827
4480,2827
10043,2827
8294,2827
4627,9062
4627,5292
4627,441
4627,2736
4627,7347
3550,3684
10043,3684
4481,3684
355,3684
3550,2428
10043,2428
4481,2428
355,2428
597,5557
299,5557
4480,5557
5603,5557
3364,5557
829,5557
8802,5557
516,5557
5610,5557
355,5557
511,5557
840,439
299,443
3364,443
829,443
2541,443
9059,443
4480,443
355,443
3364,4630
2541,4630
9059,4630
299,4630
829,4630
518,4630
299,3193
3364,3193
829,3193
517,3193
3364,5552
829,5552
898,5552
9535,5552
9912,5552
299,5552
319,5552
7544,5552
299,446
305,446
5607,446
725,446
597,5554
3364,5554
829,5554
8802,5554
299,5554
4481,5554
355,5554
511,5554
299,3189
3364,3189
829,3189
4648,3189
299,448
3364,448
829,448
5606,448
840,449
299,449
5794,449
9059,449
5789,449
5604,449
518,449
9255,449
3550,7526
4480,7526
355,7526
355,7526
355,3513
355,3513
3550,9581
4480,9581
961,9581
861,9581
873,9581
7968,9581
341,9581
3550,10087
4480,10087
8294,10087
4627,447
3550,7120
4480,7120
861,7120
873,7120
3054,7120
787,7120
7056,7120
341,7120
355,5561
918,4632
299,4632
8481,4632
929,4632
840,4632
299,4632
3364,4632
829,4632
4480,4632
5607,4632
341,4632
918,445
299,445
8481,445
929,445
840,445
299,445
3364,445
829,445
5603,445
4481,445
516,445
355,445
6414,450
4928,450
5956,450
5956,450
4928,450
6414,450
299,454
4480,454
6410,454
10787,454
355,454
7211,452
299,452
4928,452
6410,452
4480,452
8294,452
7211,6177
299,6177
4928,6177
6410,6177
7766,6177
4481,6177
8294,6177
299,8892
4480,8892
4928,8892
6410,8892
355,8892
1692,4311
4928,4311
6410,4311
7211,4311
299,4311
1346,4311
4481,4311
355,4311
299,4227
4480,4227
6410,4227
355,4227
299,3508
4480,3508
6410,3508
355,3508
299,6921
4647,6921
10787,6921
4938,6921
4255,6921
10788,6921
8225,6921
305,6921
4032,6921
5607,6921
2573,6921
1698,6921
341,6921
840,451
861,451
873,451
3364,451
829,451
299,451
4480,451
4481,451
511,451
7067,451
355,451
708,455
299,455
707,455
4481,455
8294,455
708,456
299,456
5698,456
5694,453
4685,453
861,453
873,453
707,453
719,453
638,453
898,453
9535,453
5698,453
4480,453
355,453
4480,3433
5709,3433
707,3433
712,3433
7424,3433
9912,3433
716,3433
355,3433
708,8545
299,8545
4480,8545
707,8545
355,8545
708,462
299,462
4480,462
707,462
355,462
3550,459
4480,459
355,459
355,459
355,465
355,465
355,9159
355,9159
355,9910
861,466
873,466
355,466
355,466
861,10555
873,10555
9912,10555
355,10555
861,464
873,464
10518,464
8294,464
861,8761
873,8761
932,8761
8294,8761
299,4237
4480,4237
8294,4237
3550,460
4480,460
8294,460
299,467
4480,467
8294,467
861,2504
873,2504
9709,2504
9912,2504
1011,2504
1008,2504
8294,2504
4627,461
3550,458
4480,458
861,458
873,458
4764,458
341,458
341,458
3550,9408
4480,9408
861,9408
873,9408
5830,9408
341,9408
341,9408
3550,10031
4480,10031
861,10031
873,10031
3054,10031
951,10031
341,10031
341,10031
861,9799
873,9799
8552,9799
951,9799
341,9799
861,457
873,457
5830,457
341,457
3550,463
4480,463
861,463
873,463
958,463
341,463
341,463
861,3629
873,3629
958,3629
341,3629
861,472
873,472
4764,472
341,472
3550,5574
4480,5574
861,5574
873,5574
3054,5574
955,5574
341,5574
341,5574
861,4634
873,4634
3054,4634
955,4634
341,4634
299,5578
4480,5578
355,5578
861,5558
873,5558
355,5558
861,5579
873,5579
932,5579
355,5579
932,8374
2681,8374
861,8374
873,8374
10518,8374
355,8374
932,4631
861,4631
873,4631
1008,4631
9709,4631
9912,4631
355,4631
840,4391
6103,468
299,468
6863,468
9059,468
5937,468
5939,468
5603,468
518,468
7623,468
516,468
8294,468
5937,4633
1068,4633
299,4633
4480,4633
8338,4633
7989,4633
8457,4633
5939,4633
341,4633
299,8957
5937,8957
5939,8957
517,8957
299,469
5914,469
3688,469
305,469
5607,469
341,469
299,470
5914,470
3688,470
4481,470
355,470
299,9149
5937,9149
5939,9149
4648,9149
299,5555
5937,5555
5939,5555
5606,5555
299,4642
5937,4642
5939,4642
4481,4642
355,4642
5956,471
5937,471
5939,471
6410,471
299,471
4481,471
355,471
5956,10554
5937,10554
5939,10554
6410,10554
299,10554
4481,10554
355,10554
9059,4248
299,4248
4480,4248
9243,4248
355,4248
597,2743
8802,2743
9059,2743
299,2743
518,2743
299,5577
305,5577
5607,5577
9243,5577
2525,5577
341,5577
597,476
299,476
4480,476
8802,476
355,476
597,8588
299,8588
4480,8588
8802,8588
355,8588
6624,477
597,477
299,477
4480,477
8802,477
355,477
840,8674
861,5568
873,5568
3364,5569
2541,5569
9059,5569
299,5569
829,5569
305,5569
5607,5569
602,5569
725,5569
341,5569
305,5572
8552,5572
9255,5572
341,5572
918,4636
840,4636
2328,8482
299,5581
8499,5581
2351,5581
748,5581
341,5581
305,8791
3541,8791
4304,8791
305,4269
8552,4269
5180,4269
4032,4269
299,10125
4480,10125
5937,10125
5939,10125
415,10125
395,10125
7746,10125
9255,10125
4312,5573
4973,5573
787,5573
808,5573
5937,475
5939,475
299,475
4480,475
1747,475
10283,475
5730,475
7389,475
3183,475
18,475
426,475
3233,475
341,475
10043,475
5937,475
5939,475
3550,8259
305,8259
341,8259
426,8259
299,481
4480,481
5937,481
5939,481
5486,481
10003,481
8716,481
8211,481
8552,481
8338,481
865,481
5811,481
4693,481
426,481
852,481
341,481
840,5571
3550,473
4480,473
861,473
873,473
9535,473
341,473
3550,2421
4480,2421
861,2421
873,2421
341,2421
8552,5576
4784,5576
4776,5576
7920,5576
996,5576
5868,5576
9963,5576
426,5576
787,5576
9596,5576
5937,9220
5939,9220
299,9220
305,9220
768,9220
426,9220
2492,9220
5937,5580
5939,5580
305,5580
3059,5580
5589,5565
299,5565
4480,5565
8481,5565
929,5565
3195,5565
8265,5565
1342,5565
341,5565
341,5567
3550,4130
4480,4130
861,4130
873,4130
5607,4130
1378,4130
341,4130
5589,5575
299,5575
4480,5575
8481,5575
929,5575
3195,5575
8265,5575
341,5575
5589,482
299,482
4480,482
8481,482
929,482
3195,482
8265,482
1342,482
341,482
861,3195
873,3195
494,3195
9220,478
481,478
10125,478
5570,478
299,478
5580,478
10043,3053
305,3053
7600,3053
6131,3053
6410,3053
9520,3053
8437,479
299,479
4480,479
6150,479
829,479
5585,479
8265,479
341,479
3550,4088
4480,4088
3364,4088
829,4088
5607,4088
1378,4088
341,4088
8437,5584
3550,5584
4480,5584
3364,5584
829,5584
5585,5584
8265,5584
341,5584
8437,5591
299,5591
4480,5591
6150,5591
829,5591
5585,5591
8265,5591
341,5591
5589,8437
840,8437
3364,5585
829,5585
494,5585
5937,5570
5939,5570
299,5570
4480,5570
8203,5570
426,5570
9661,5570
341,5570
861,480
873,480
707,485
305,485
8552,485
899,485
9624,485
709,485
8954,485
707,5566
305,5566
1342,5566
5607,5566
3054,5566
2436,5566
299,484
1342,484
305,484
5607,484
7067,484
341,484
840,9868
6415,9868
478,9721
9579,9721
3418,9721
475,9721
9519,9721
345,9721
40,9721
341,9721
918,5589
918,5589
840,5589
6415,5589
4480,3156
861,3156
873,3156
7187,3156
7018,3156
4480,3156
3364,3156
829,3156
7187,3156
7018,3156
5937,7952
5939,7952
2328,7952
299,7952
8481,7952
929,7952
305,7952
8552,7952
341,7952
3550,8265
5607,8265
2715,8265
7863,8265
3550,8265
5607,8265
9836,8265
329,8265
305,494
7600,494
7018,494
2590,3479
3479,8432
8822,492
794,492
5746,492
5744,492
800,492
793,492
3148,492
3466,492
795,492
9887,492
3394,492
4718,492
805,492
8499,492
2351,492
4720,492
5738,492
2841,492
3877,492
7098,492
3895,492
8822,4461
5739,4461
5746,4461
799,4461
800,4461
8085,4461
3148,4461
3466,4461
798,4461
9887,4461
3394,4461
6137,4461
805,4461
8499,4461
2351,4461
4720,4461
3078,4461
2841,4461
4713,4461
7098,4461
803,4461
3479,4082
2590,8293
2590,2562
2590,4637
3479,2744
2590,4641
2590,3869
787,508
5598,508
2246,9533
8855,9533
787,9339
802,9339
8445,9339
4191,9339
2962,9339
2005,9339
8111,9339
9344,9339
7546,9339
3054,509
5511,509
10003,509
9519,509
7654,509
4082,509
9519,4638
8622,4638
4082,4638
3054,3437
5511,3437
10003,3437
8338,3437
865,3437
5811,3437
8293,3437
5511,9621
10003,9621
9579,9621
7568,9621
2562,9621
9579,3395
7568,3395
4637,3395
3054,4270
5511,4270
10003,4270
343,4270
344,4270
2744,4270
3054,4176
5511,4176
10003,4176
9579,4176
334,4176
8432,4176
5511,7005
10003,7005
3054,7005
343,7005
861,7005
873,7005
344,7005
9579,7005
7568,7005
2744,7005
5511,5596
10003,5596
9579,5596
7568,5596
8432,5596
9579,5597
7568,5597
4641,5597
5511,3223
10003,3223
8338,3223
8058,3223
979,3223
3869,3223
3865,507
9731,507
5592,507
5511,507
916,507
5808,507
7712,507
2325,507
7818,507
3640,507
855,507
8728,507
5781,507
5779,507
851,507
4732,507
5782,507
3103,507
2684,507
9028,507
3054,506
5511,506
3860,506
906,4487
851,4487
8728,4487
2328,4487
5781,4487
3088,4487
861,4487
873,4487
5779,4487
7365,4487
7701,4487
3860,4487
5602,5601
4213,5601
3865,5601
3054,5601
9731,5601
498,10040
5511,10040
8338,10040
8058,10040
7630,10040
4235,10040
10118,10040
5583,10040
9082,10040
978,10040
343,10040
3699,10040
7793,10040
967,10040
861,10040
873,10040
344,10040
8300,10040
5203,10040
7854,10040
10850,10040
1302,10040
7487,10040
7884,10040
3897,10040
5842,10040
498,4113
5511,4113
8338,4113
8058,4113
7630,4113
4235,4113
5850,4113
7926,4113
975,4113
7164,5594
7164,4271
5602,512
496,512
7630,512
343,2948
344,2948
8300,2948
7854,2948
10850,2948
1302,2948
7487,2948
7884,2948
500,4121
5511,4121
7920,4121
5590,4121
501,4121
6209,4121
3874,4121
989,4121
500,4244
5511,4244
7920,4244
3230,4244
8163,4244
499,4244
5590,4244
2957,4244
8234,4244
960,4244
8196,4244
956,4244
5865,4244
7984,4244
7004,4244
500,10556
5511,10556
7920,10556
5590,10556
4635,10556
986,10556
991,10556
5870,10556
5588,4640
5588,3569
5588,8937
5586,4236
8975,4236
10003,4236
2585,4236
4325,4236
2715,4236
7863,4236
8338,4236
7989,4236
5816,4236
4784,4236
4776,4236
936,4236
5586,5599
3384,5599
8874,5599
2585,5599
4325,5599
9836,5599
329,5599
5788,5599
5755,5599
4784,5599
4776,5599
9310,5599
5586,4644
2585,4644
502,4644
5937,4644
1068,4644
1072,4644
4325,4644
8520,4644
1069,4644
8888,4644
5926,4644
9669,4644
3200,4644
5938,4644
1071,4644
2952,4644
7027,4644
5320,4644
4784,4639
4776,4639
5511,4639
503,4639
4784,6991
4776,6991
372,6991
503,6991
4784,9905
4776,9905
503,9905
5602,2771
5600,2771
5586,2771
2585,2771
2951,2771
299,505
2832,505
10487,505
4481,3000
8855,3000
2682,3000
9255,3000
9116,7498
4480,2486
8301,5608
300,5608
302,5608
303,5608
8301,5605
300,5605
302,5605
303,5605
4481,9580
305,3228
5607,3228
4481,7686
4481,514
305,514
4481,8955
4481,513
4481,10126
4481,7423
4481,515
3550,9233
4920,9233
6389,9233
8111,9233
4481,9233
4481,520
4481,9971
305,9971
4480,5603
4481,7623
8294,7623
4481,518
8294,518
4481,5604
4480,516
305,2832
9255,2832
9272,9035
305,517
341,517
305,519
341,519
1342,7544
305,7544
321,7544
341,7544
305,5609
305,4647
341,4647
3054,8552
4480,5610
4480,4648
355,4648
4480,5606
355,5606
4480,511
355,511
8716,4216
8338,4216
9242,4216
962,4216
7920,4216
2797,4216
861,4216
873,4216
932,4216
7968,4216
5166,4216
5790,4216
8058,4216
979,4216
9129,4216
8264,4216
967,4216
8876,4216
8716,7505
8338,7505
8058,7505
977,7505
973,7505
865,7505
3054,7505
5811,7505
7989,7505
937,7505
1063,7505
3969,7505
3523,7505
967,7505
861,7505
873,7505
6882,7505
9912,7505
8300,7505
7477,7505
5740,7505
7884,7505
9129,7505
4234,7505
4449,7505
4423,7505
7336,7505
3699,7505
5203,7505
8733,7505
7793,7505
8716,521
8338,521
8058,521
977,521
861,521
873,521
9129,521
370,521
5790,521
8716,522
8338,522
8058,522
977,522
973,522
861,522
873,522
9129,522
5531,522
5790,522
4423,522
8264,522
8301,7231
300,7231
302,7231
303,7231
3794,3143
4610,3143
8716,3143
8338,2759
7989,2759
8457,2759
3927,2759
6103,2759
5123,2759
1063,2759
4449,2759
6863,2759
2938,2759
2553,2759
6888,2759
5775,2759
7813,2759
8301,9055
300,9055
302,9055
303,9055
4480,525
6531,525
7114,525
8146,525
1824,525
9255,525
4480,7222
3805,7222
10043,7222
2491,7222
9848,7222
9818,7222
8911,7222
7320,7222
8149,7222
6529,7222
1829,7222
3563,7222
3798,7222
8055,7222
9255,7222
840,4650
3550,4650
3523,6990
4735,6990
8224,6990
3550,6990
4480,6990
9473,6990
5787,6990
4696,6990
4032,6990
4736,6990
861,6990
873,6990
6882,6990
9535,6990
3550,9098
4480,9098
4979,9098
5765,9098
9473,9098
5787,9098
9923,9098
2328,9098
9535,9098
2962,9098
2005,9098
8111,9098
5553,9098
8445,9098
9344,9098
9255,9098
9566,9098
2351,9098
8499,9098
4696,9098
438,9098
760,9098
3550,4649
4480,4649
5253,4649
2928,4649
3088,4649
861,4649
873,4649
2328,4649
9535,4649
3273,4649
2962,4649
2005,4649
8111,4649
8112,4649
8445,4649
9344,4649
9255,4649
852,4649
3550,3720
4480,3720
10093,3720
9764,3720
2962,3720
2005,3720
8111,3720
2840,3720
8445,3720
9344,3720
9255,3720
2492,3720
299,3728
4480,3728
2619,3728
4972,3728
9603,3728
8826,3728
4976,3728
3289,3728
7843,3728
3319,3728
9997,7348
4481,7348
4481,4651
7515,4651
6410,4651
3550,526
4480,526
7906,526
2962,526
2005,526
8111,526
3052,526
8445,526
9344,526
9255,526
9661,526
9997,5611
4979,9637
299,524
1046,3367
4481,5612
299,523
5603,523
5914,523
3688,523
5911,523
8365,523
3892,523
524,523
4650,523
516,523
5610,523
9255,523
355,523
4920,7595
8479,7595
2930,7595
299,9053
5609,9053
299,8110
4647,8110
5487,333
490,333
8282,2577
8430,8344
9059,5623
9216,5623
2558,5623
9059,528
533,528
5621,528
9255,4389
6624,4664
534,529
534,3388
8855,3388
4681,7831
4681,7831
4272,539
9535,539
548,539
9115,3944
4272,4188
6127,4188
4272,4198
548,4198
4272,5624
8388,5624
4656,7228
556,3529
8192,3529
1311,3529
9327,3529
646,9315
646,3790
1311,3790
9327,556
8621,4122
4656,5634
4656,545
4656,541
539,541
543,541
4656,8613
4188,8613
543,8613
9346,8613
539,8613
4656,8958
4656,2761
5624,2761
543,2761
4656,7059
539,7059
543,7059
4656,8784
4656,540
4656,2657
4656,546
4656,5633
4188,5633
543,5633
4656,542
539,542
543,542
5624,542
4656,544
5624,544
543,544
4656,553
4188,553
543,553
4656,8123
4188,8123
543,8123
9346,8123
539,8123
4656,2851
9346,2851
539,2851
543,2851
655,2851
3529,2851
5624,2851
4656,5616
2991,5616
4188,5616
543,5616
695,5616
4656,7571
9250,7571
4198,7571
543,7571
8648,7571
4188,7571
4656,9896
4188,9896
543,9896
539,9896
4656,552
4656,551
4188,551
543,551
4656,5637
4656,10540
539,10540
543,10540
5624,10540
9902,555
9902,3093
3054,3093
7021,3093
9625,3093
9902,3093
2506,554
9902,554
9902,3689
3093,7883
9902,7883
9255,7883
678,7883
2506,6941
9902,9851
9902,9903
9528,9903
9255,9903
8328,8070
696,8070
10060,8070
9902,560
9902,5635
9255,5635
706,5635
3603,5629
9902,557
7216,6182
567,5640
568,5640
703,5640
567,5631
567,563
567,5627
567,9914
567,9491
5640,4273
563,566
5631,562
567,6952
567,4197
567,3502
5640,3599
563,6932
5631,9960
567,5636
567,5632
567,2415
568,2415
567,10006
568,10006
567,10548
568,10548
567,5626
567,569
567,7126
567,2816
567,3723
567,570
568,570
567,9269
568,9269
567,3375
567,9252
567,575
567,5643
568,5643
567,7358
567,4659
567,8466
567,9162
567,574
567,3619
5640,4247
563,8487
5631,9335
567,5121
567,7703
568,7703
567,9727
567,4658
567,573
568,573
567,4450
568,4450
567,584
532,577
3054,577
7970,582
7286,579
3388,3393
7286,585
576,581
576,578
576,8060
576,8895
576,8946
576,586
576,7044
576,8683
576,7183
576,3724
576,3545
576,587
576,4205
576,3890
576,588
576,7565
576,9137
581,590
8060,590
8946,590
8895,590
586,590
7044,590
8683,590
7183,590
3724,590
3545,590
4205,590
3890,590
588,590
7565,590
9137,590
7811,590
4156,590
3265,590
7321,590
4274,590
7639,590
4145,590
596,590
3799,590
7960,590
7093,590
592,590
9639,590
8157,590
8106,590
4667,590
4317,590
5641,590
587,590
5642,590
2870,590
578,590
593,590
589,590
9120,590
6959,590
591,590
576,7811
576,591
576,6959
576,4156
576,3265
576,7321
576,4274
576,5642
576,7639
576,5641
576,4145
576,9120
576,589
576,596
576,3799
576,7960
576,7093
576,592
576,2870
576,9639
576,8157
576,8106
576,4667
576,4317
576,593
9196,8282
9196,4660
7973,9203
9255,9203
5101,7772
5101,7132
568,5617
590,5621
3117,4669
5618,595
547,595
5619,595
599,595
9213,1361
599,1361
599,2631
898,7731
7021,7731
861,7731
872,7731
612,7731
536,5620
599,5620
2961,4331
599,4331
4685,594
638,594
8934,5649
599,5649
606,2575
5619,5650
7652,5650
538,2746
599,2746
3951,4665
599,4665
4690,9719
642,9719
8980,9719
4686,9719
4690,6422
642,6422
8980,6422
10053,598
9346,598
899,598
4672,598
9624,598
4032,57
566,57
9346,7683
9903,7683
3599,7683
2506,6425
678,6425
2816,6425
9346,6419
9535,6419
9903,6419
4273,6419
4032,7535
562,7535
4032,9247
566,9247
7738,3411
9255,3411
4675,600
9196,5659
6624,9243
840,597
5101,601
9433,5658
10544,5658
9255,5658
385,9245
622,9245
9255,9245
6624,604
4096,604
623,604
9255,604
597,2525
629,2525
9255,2525
9196,2537
6624,5657
7561,5657
8802,602
840,5653
597,605
7083,605
5662,605
9255,605
5101,4275
9346,9563
9912,9563
3054,9563
899,9563
4032,609
10105,609
2920,609
9535,609
1855,609
3151,609
3314,609
9084,609
3054,609
3979,609
10105,3862
2650,3862
7064,3862
3054,3862
4032,3862
3753,3862
672,3862
9535,3862
3054,3862
4032,3862
4678,8470
10105,8470
2920,8470
10050,8470
607,8470
5650,1675
595,10070
7831,56
7831,56
599,6420
7257,5663
7257,6948
7257,9686
7257,619
7257,5668
7257,7166
7257,4680
4690,8359
4032,8359
566,8359
3564,8359
4686,8359
642,8359
4690,8714
642,8714
8980,8714
4690,10725
8980,10725
4032,10725
562,10725
3564,10725
4686,10725
642,10725
9196,3117
5663,4681
619,4681
5668,4681
7166,4681
627,4681
626,4681
4674,4681
4219,4681
6185,4681
6948,4681
9823,4681
9338,4681
3085,4681
2689,4681
4676,4681
7454,4681
9079,4681
5666,4681
8108,4681
5667,4681
6967,4681
4500,4681
630,4681
631,4681
5672,4681
5671,4681
632,4681
4018,4681
10106,4681
3094,4681
7102,4681
5680,4681
8690,4681
5674,4681
8322,4681
3982,4681
5677,4681
9686,4681
2638,4681
4116,4681
8098,4681
3359,4681
9478,4681
4680,4681
5179,3564
5101,7608
7257,627
7257,626
7257,4674
7257,4219
7257,6185
7257,9823
7257,3085
7257,4676
7257,7454
7257,9079
7257,5666
3065,5664
8645,5664
7398,5664
2981,5664
2991,5664
676,3409
8208,3409
9255,3409
7257,8108
3065,9507
8645,9507
7398,9507
2981,9507
695,9507
10105,9507
5105,9507
704,9507
691,9507
7257,5667
7257,6967
7257,3359
7257,4116
7257,4500
7257,630
8382,5177
2954,5177
634,5177
642,5177
2595,5177
8980,5177
568,5179
9255,5179
8938,6938
9255,6938
7761,5176
8855,5176
8938,5176
9255,5176
8382,5178
10105,5178
625,5178
9289,5178
2920,5178
1853,5178
4688,5178
673,5178
4694,5178
4682,5178
677,5178
7181,5178
10499,5178
8208,5178
10105,5172
4694,5172
681,5172
703,5172
7723,5172
5701,5172
4149,5172
698,5172
3054,5172
7021,5172
5693,5172
8382,5181
2954,5181
634,5181
5682,5181
642,5181
7257,631
7257,5672
7257,3982
7257,5671
7257,9338
7257,9478
7257,8098
7257,632
7257,4018
7257,10106
7257,3094
7257,7102
7257,5677
7257,2689
7257,5680
7257,8690
7257,5674
7257,8322
7257,2638
5654,610
7721,610
2450,610
7721,611
2450,611
4664,611
5659,611
3272,635
642,635
633,2861
8175,2861
9749,7428
7328,7428
2332,7428
861,7428
7980,7428
9912,7428
3204,5682
7105,9834
9656,9541
9842,9541
5111,9541
9109,9541
649,9541
647,9541
648,9541
5673,640
9011,9996
2893,9996
2277,9996
2275,9996
5675,4690
7877,4690
9328,4690
9255,4690
9196,4691
9059,9289
4456,9289
9829,9952
8725,643
3057,643
265,7870
4578,7870
8202,7870
5479,7870
4595,7870
271,7870
7779,7870
7085,7870
7901,7870
7339,2954
652,4222
5689,642
8725,642
634,642
651,4686
5676,4686
3057,3272
654,2595
657,2595
4173,2595
9255,2595
657,2847
5101,641
640,3802
9255,3802
6166,3802
650,3802
654,7745
3057,7745
5689,7745
5679,7745
3552,7745
9255,7745
8725,8980
634,8980
4691,3242
4690,3242
1674,3242
4686,3242
3054,3242
899,3242
9624,3242
6417,3242
4686,10723
4691,10723
9289,10723
1674,10723
4686,10722
4691,10722
3054,10722
899,10722
9624,10722
1674,10722
4686,6416
4691,6416
9289,6416
1674,6416
644,647
644,648
644,9842
644,649
644,9656
634,5173
4685,5173
634,5174
4685,5174
7873,7264
5690,7264
8660,7264
7694,7264
659,7264
5683,7264
662,7264
3739,658
2267,658
8056,658
4488,7915
8855,7915
3753,7064
9535,7064
672,7064
9912,668
9535,667
9912,666
3753,666
672,666
9019,669
9255,669
9196,671
665,5687
9346,5687
670,5687
9255,5687
2808,2680
9255,2680
9346,8362
665,8362
9535,8362
9730,8362
681,676
5101,9229
665,7181
9346,7181
7524,7181
9255,7181
664,675
9255,675
8013,4682
9255,4682
4151,8208
9255,8208
4687,10499
8237,10499
9255,10499
4684,673
9255,673
663,4050
9255,4050
9196,3048
5101,683
5685,5693
9255,5693
3354,5701
9255,5701
3104,7705
9255,7705
685,688
8855,688
685,7175
2918,692
8839,9029
7201,7398
7050,2981
9524,2981
2991,687
693,687
695,687
614,8602
2718,680
7752,694
3236,8954
9255,8954
9196,710
840,708
5101,4452
5528,8797
387,4701
2906,4701
9255,4701
385,8180
5706,8180
9255,8180
9196,713
5101,715
617,4692
641,4692
10105,4692
9229,4692
4678,5699
10105,5699
671,5699
4691,5699
3264,5699
9059,5699
635,5699
9084,5699
4690,5699
717,5699
9255,5699
3264,2584
5698,2584
9059,2584
2595,2584
2407,2584
7554,2584
9255,2584
8382,9855
9196,5711
3742,725
739,3192
9255,3192
9820,3192
738,723
2817,4100
3316,4100
8587,4100
3266,4100
9255,4100
9196,8787
5101,8353
7645,730
2779,730
9219,730
9255,730
7948,5712
7298,5712
9255,5712
4380,7671
7612,7671
9255,7671
724,5705
9084,5705
5707,5705
3787,5705
611,5705
8672,5705
740,5705
861,5705
7980,5705
2927,5705
7886,5705
9863,3840
737,3840
9255,3840
9196,3129
840,727
346,727
3026,727
9255,727
861,727
7951,727
2351,8587
8499,8587
5762,8587
8740,8587
861,8587
7980,8587
7886,8587
9084,8587
4201,8587
728,8587
845,8587
3787,8587
611,8587
2575,8587
861,2927
7980,2927
5101,9333
350,741
735,741
9255,741
5762,741
3840,741
348,8559
5762,8559
8740,8559
861,8559
7980,8559
7886,8559
9979,8559
9255,8559
3840,8559
3969,4374
3523,4374
6882,4374
2394,4374
3984,4374
7954,4374
1459,4374
6863,4374
9733,4374
4883,4374
1262,4374
2372,4374
9999,4374
265,4374
4575,4374
258,4374
4980,4374
4859,4374
6876,4374
7463,4374
2400,4374
265,5713
4575,5713
8530,5713
9707,5713
260,5713
8513,5713
257,5713
8319,5713
746,5715
9749,5703
2332,5703
2330,5703
4736,5703
8338,5703
865,5703
5811,5703
4032,5703
9771,5703
9749,5724
2332,5724
2330,5724
4736,5724
8338,5724
865,5724
5811,5724
9771,5724
9473,8274
8300,8274
2331,8274
9473,743
8300,743
2331,743
5804,742
5804,10069
5804,2831
5765,3170
4468,3170
8149,3170
5765,3170
2491,3170
9059,5716
3832,5716
3936,5716
5765,5702
5765,7065
2349,7464
2394,7464
7936,7464
5765,5723
3306,5723
8149,5723
3805,5723
4512,5704
10532,5704
8341,5704
3483,5704
9322,5704
9473,5704
3306,5704
2394,5704
9999,5704
4976,5704
4980,5704
3289,5704
21,5704
7936,5704
3805,5704
8149,5704
2400,5704
4468,5704
2491,5704
8073,5704
9255,5704
1826,10089
1827,10089
3805,745
2491,745
2394,745
8149,745
2400,745
6529,745
9455,745
9848,745
7427,745
9818,745
6552,745
8911,745
7013,745
7320,745
1830,745
6531,745
8146,745
1824,745
4347,745
2394,5714
9443,5714
4785,5714
9764,5714
10052,5714
5715,2901
3289,2901
33,2901
4976,2901
9260,2901
8826,2901
6118,2901
7843,2901
6547,2901
3319,2901
2600,2901
9603,2901
6554,2901
2619,2901
8501,2901
4972,2901
9148,2901
1693,4702
6877,744
4287,744
6879,744
3514,744
841,747
4110,748
2349,5182
8195,8381
5125,4304
760,8347
3353,8347
9255,8347
784,9204
9196,9204
10055,749
9409,749
4974,750
6542,750
9615,750
6101,750
8763,750
3732,750
9523,750
9092,750
9923,750
4453,750
2416,750
4696,750
7261,5122
7682,5122
787,5122
4696,5122
8971,5122
5722,5122
6882,5175
1375,2693
9255,2693
782,9933
5101,9933
3168,7557
9255,7557
7939,5721
787,4695
791,4695
787,5719
2586,5719
787,753
5750,753
787,9409
788,9409
818,9409
787,757
9336,757
787,752
7514,752
787,8681
3133,8681
787,5722
5187,5722
819,5722
811,5722
787,5720
5749,5720
787,8402
4438,8402
787,755
4711,755
787,756
804,756
787,9923
7536,9923
787,4696
3347,4696
787,3675
7153,3675
787,9566
818,9566
787,760
815,760
9473,7496
6882,7496
5765,764
9473,2712
6882,2712
5787,7353
4696,7353
4210,7353
8215,7353
743,751
9473,751
743,763
9473,763
787,9963
788,9963
916,9963
9880,9963
6883,759
6100,759
7682,759
9515,759
6877,759
10526,759
6367,759
4449,759
787,759
8436,759
811,759
1342,7411
9473,7411
7121,7411
2522,7411
3892,7411
3805,7411
2491,7411
8149,7411
766,7411
4110,7411
6883,8440
787,3142
809,3142
861,758
872,758
787,7698
9596,7698
6877,3346
1063,3346
4287,3346
9255,3346
2336,3346
9359,4707
8420,4707
387,5726
2339,5726
7530,5727
3773,5727
840,5727
2328,5727
3088,5727
861,5727
873,5727
9359,5727
8420,5727
385,726
2340,726
9115,767
1339,6923
6430,6923
2328,6923
5125,766
787,3500
6973,3500
10055,4693
787,4693
788,4693
2976,4693
787,2928
10543,2928
787,8023
2976,8023
850,7860
9997,3059
9588,3059
7449,3059
9255,3059
9196,7791
787,765
6129,765
10055,768
787,768
817,768
788,768
787,4278
8339,4278
787,10052
817,10052
2600,10097
4721,10097
9255,10097
3805,4043
2491,4043
2394,4043
2337,4043
2400,4043
5184,2704
2416,2704
2394,2704
9999,2704
4980,2704
5175,2704
2328,2704
2352,2704
21,2704
7977,2704
848,3981
9749,770
2332,770
9771,770
8300,7628
2331,7628
6548,776
5175,776
2328,776
6875,776
9804,775
2328,775
2330,775
8271,5185
6877,5185
4287,5185
6879,5185
4710,5185
2553,5185
9997,5185
2983,5185
3306,5185
4468,5185
9473,5185
2491,5185
2394,5185
8845,5185
8149,5185
8073,5185
5765,5185
9999,5185
4976,5185
9260,5185
3289,5185
33,5185
4980,5185
21,5185
7977,5185
7515,5185
4282,5185
781,5185
9255,5185
6886,5185
2334,5185
3805,5185
2400,5185
9283,5185
6877,6133
4287,6133
6879,6133
9804,6133
4710,6133
2553,6133
2983,6133
9997,6133
3306,6133
2394,6133
8073,6133
6886,6133
2350,6133
8149,6133
3805,6133
2400,6133
2619,6133
8501,6133
4972,6133
9148,6133
9473,6133
3130,771
4859,771
3306,900
8149,900
4468,901
8149,901
787,773
788,773
2796,773
1342,8983
820,8983
787,772
9973,772
1861,774
2331,9812
3514,777
9607,777
3805,777
2491,777
8149,777
4970,777
2417,5730
778,5730
787,5730
788,5730
812,5730
4312,5729
4973,5729
787,5729
806,5729
787,3472
8848,3472
3807,784
9196,784
3714,7261
7019,10055
7807,10055
7939,779
9051,778
896,778
2646,782
5101,782
10093,780
3319,780
4986,780
6410,781
5520,781
892,781
7807,781
892,9520
7807,9520
1126,783
8462,783
10851,783
9115,783
1836,783
3640,783
9196,788
376,786
4191,786
9255,786
4920,786
6389,786
8111,786
9344,786
4191,786
9255,786
9473,5750
5503,4706
4920,2422
6377,2422
4191,2422
2005,2422
8111,2422
9255,2422
4191,8697
9255,8697
4920,785
6377,785
2962,785
4191,785
2005,785
8445,785
9344,785
8111,785
9255,785
2962,5732
4191,5732
9255,5732
4032,3347
4191,5734
9255,5734
5101,811
4191,2498
822,820
884,4716
2468,7342
824,813
5741,813
8950,813
825,3577
824,3577
9771,4709
5306,4709
1346,4709
9196,827
2330,5747
2332,5747
5501,5747
877,5747
9255,5747
1372,822
8504,821
7491,821
868,821
4736,821
7920,821
7004,821
8338,821
8058,821
5856,821
9521,5741
974,5741
9521,5741
2330,5742
2332,5742
8308,5742
5792,5742
9255,5742
875,9574
2468,9574
7328,9574
5306,9574
5101,7808
3441,10064
9255,10064
8153,3687
9043,4708
9255,4708
10130,4708
3279,4708
828,5737
2817,4028
2791,4028
4100,4028
7674,4028
381,4028
378,4028
2958,4028
1342,4028
834,4028
5803,4028
9255,4028
597,5751
5500,5751
9068,5751
9255,5751
4618,832
4722,832
9255,832
387,831
6135,831
9255,831
385,4719
3746,4719
9255,4719
375,9665
8050,9665
9255,9665
8874,5767
5788,5767
5759,5767
5770,5767
740,5767
3180,9685
3787,9685
5655,9685
5762,9685
8740,9685
3411,9685
8988,9685
3180,9685
3787,9685
5655,9685
8874,9685
8988,9685
5788,9685
5759,9685
5788,8337
838,8337
5788,7570
3390,7570
886,3651
5762,3651
8353,3651
5788,10129
5759,10129
5788,4321
5759,4321
3440,4321
5770,4321
740,4321
10003,4321
8338,4321
7989,4321
3927,4321
5788,4324
5759,4324
3440,4324
5770,4324
740,4324
1342,4324
3364,8459
2541,8459
5788,836
5761,836
1059,836
5788,836
5761,836
1059,836
8874,8390
5788,8390
5759,8390
3440,8390
5770,8390
740,8390
10003,8390
8338,8390
7989,8390
8457,8390
5761,8390
3793,5754
9694,4717
5762,4717
8787,4717
3440,4717
5770,4717
3129,4717
740,4717
38,4717
4737,4717
8874,5771
8338,6931
7989,6931
8457,6931
8396,6931
9255,6931
5101,7563
5788,7759
5759,7759
5762,7759
8740,7759
3411,7759
6103,5755
840,5755
4281,5755
9255,5755
724,10130
3192,10130
6877,10130
4449,10130
9100,5772
889,5772
9255,5772
3364,5772
9665,5772
5165,6136
6922,6136
9255,6136
3364,6136
9665,6136
9836,838
329,838
3627,838
9255,838
840,838
4775,838
5534,3390
6168,3390
9255,3390
3364,3390
9665,3390
6168,9310
9255,9310
3364,9310
9665,9310
8874,839
3440,839
2457,839
9004,839
9255,839
3364,839
9665,839
708,7410
3800,7410
9255,7410
9837,7410
9508,7410
3364,7410
9665,7410
1342,9151
5737,9151
10055,8203
787,8203
8105,8203
788,8203
787,10073
5186,10073
9344,9305
8203,9305
9344,8644
8203,8644
1044,5183
9301,5183
3627,5183
8150,5183
9344,5183
5503,3803
4032,5808
2328,9880
3088,9880
861,9880
873,9880
4032,9880
909,7467
725,7467
9243,7539
910,902
3054,902
9963,902
3054,902
9963,902
3054,903
922,903
928,903
4740,903
5741,903
813,903
773,903
3054,4448
7920,4448
8338,4448
8058,4448
5741,4448
813,4448
773,4448
3054,905
9271,905
2715,4400
7863,4400
2715,904
7863,904
2715,904
7863,904
2715,904
7863,904
10787,8384
916,906
9880,906
916,906
9880,906
3054,906
916,906
9880,906
916,906
9880,906
3054,906
916,906
9880,906
2339,9025
2340,5806
3054,907
945,907
945,907
945,907
3054,907
828,909
1342,909
834,909
828,909
1342,909
834,909
3536,5807
3116,911
906,7718
9344,7718
749,7718
906,7718
4693,7718
8203,7718
768,7718
7850,7718
9535,7718
2924,7718
4448,7718
7095,7718
1342,7718
5730,7718
7389,7718
3183,7718
2349,7718
9579,7718
3418,7718
9519,7718
345,7718
343,7718
9473,7718
337,7718
40,7718
1060,9584
1060,912
7834,912
40,910
40,910
40,910
7790,910
9699,910
7790,910
4784,910
2433,910
7920,913
8338,913
8058,913
5741,913
813,913
749,913
3054,913
773,913
8347,913
5730,913
778,913
1826,913
1827,913
910,913
1342,10059
2328,10059
850,10059
4710,5810
7813,5810
3640,5811
9196,914
7148,3187
9255,3187
8063,3187
8541,3187
3428,3187
4739,3187
5823,3187
6890,9271
9174,9271
597,9271
4427,9271
773,7941
4740,915
813,915
10017,6974
4740,6974
5741,6974
8063,3022
10028,3022
4746,10041
5104,10041
8063,919
9013,919
8332,9131
3260,923
8113,923
9255,923
840,918
9401,920
2817,9023
8269,9023
2938,9023
2520,9023
7674,9023
381,9023
378,9023
4394,9023
5194,9023
4267,9023
3893,9023
5937,9023
5939,9023
4617,9023
2958,9023
8502,9023
7638,9023
10109,9023
5846,9023
5818,9023
3296,9023
942,9023
9255,9023
5521,10095
379,926
5101,917
388,927
3079,2745
9255,2745
929,921
2483,921
4385,5200
364,3833
940,3833
9255,3833
387,3646
2460,3646
9255,3646
5519,3696
7079,3696
9255,3696
7804,9211
2575,9211
935,9211
9255,9211
385,10057
7475,10057
9255,10057
8410,9497
7387,9497
611,9497
2575,9497
10500,9497
9255,9497
375,4745
6928,4745
9255,4745
7387,6188
5655,6188
861,6188
3665,6188
3411,6188
4737,6188
3011,6188
4734,5820
5810,4739
4741,4739
3496,5818
5815,5818
10059,5818
3054,8853
9243,8853
9271,8853
928,3729
4746,3729
5811,3729
9023,3729
5809,3729
2328,3729
3640,3729
5811,3729
928,8702
8063,8702
3927,8702
9023,8702
4746,8702
5809,8702
3428,8702
3022,941
10041,941
5196,941
9023,941
9023,6130
1304,6130
7941,6130
9023,939
2908,939
922,939
928,939
4740,939
5741,939
915,939
9023,7452
6974,7452
9023,10049
9345,10049
9023,8865
919,8865
1342,943
3054,943
899,943
6430,943
9023,943
9131,943
7528,4283
7422,4283
923,4283
945,4283
5821,4283
946,4283
9023,5824
920,5824
9023,8419
10095,8419
926,8419
925,8419
7422,8419
924,8419
9023,9966
927,9966
9023,944
2745,944
9023,8872
921,8872
928,4747
8063,4747
4751,4747
9023,4747
3022,4747
10041,4747
5196,4747
4774,4747
1380,4747
5914,4747
5904,4747
8150,4747
8523,4747
5919,4747
3451,4747
2540,4747
9023,5825
5200,5825
9196,933
5165,5813
5822,5813
9255,5813
861,5813
870,5813
1342,3496
9837,5814
7002,5814
9255,5814
5101,1369
6103,5816
840,5816
5937,5816
5939,5816
7903,5816
9557,5816
9255,5816
6103,5817
6877,4741
4449,4741
3139,4741
1342,5819
6877,5819
4449,5819
2715,4751
7863,4751
3627,4751
9255,4751
5937,5815
5939,5815
7903,5815
5937,4742
5939,4742
3139,4742
938,4742
9255,4742
5937,2540
5939,2540
5534,2540
6103,936
840,937
840,8968
1037,7820
5194,7820
942,7588
8200,945
5829,945
4624,945
8200,945
5829,945
8200,945
5829,945
4624,945
8200,945
5829,945
4624,945
8200,945
5829,945
3638,8200
1342,5829
3496,5829
910,5829
2572,5829
5815,5829
10059,5829
8502,5829
7638,5829
7920,5829
10109,5829
5846,5829
2681,7159
1002,8624
1005,8624
1002,4755
1005,4755
5879,4767
1005,4767
1002,4760
1002,7729
1005,7729
1002,2698
8992,2698
1005,2505
1002,8026
1005,8026
8917,8026
7584,8026
950,8886
4773,4404
1004,4404
8696,4404
8696,8129
5835,8129
5839,8129
2826,8129
9969,4765
5839,4752
5837,4752
1002,4752
1004,4752
9969,4752
4773,4752
8696,4752
9969,9873
2826,9873
5837,7540
1004,7540
4765,1014
4765,7249
8696,2539
4765,2539
4765,7446
4765,1013
4765,1012
4765,8863
5839,8863
4773,8863
4765,7141
5839,7141
4773,7141
4765,5877
5839,5877
4773,5877
4765,5875
5839,5875
4773,5875
4765,5881
5839,5881
4773,5881
4765,5872
4765,5874
4765,9516
4765,1015
4765,6161
7159,2953
1005,2953
8696,2953
9476,2953
5835,2953
7159,4285
1005,4285
8696,4285
9476,4285
5835,4285
7159,5885
1005,5885
8696,5885
9476,5885
5835,5885
2765,9366
2917,9366
3136,9366
4761,9366
2765,5884
2917,5884
3136,5884
4761,5884
8696,7311
2765,1018
2917,1018
2698,7996
1002,7062
2698,7062
1002,5886
2698,5886
2917,1017
5838,1017
2917,9094
5839,9094
4759,9094
8696,6970
8917,6970
5837,6970
8696,2512
8917,2512
5837,2512
8696,5321
8917,5321
5837,5321
8026,1016
1002,1016
8026,5888
8026,6925
8026,1019
1002,1019
8026,9240
1002,9240
8026,1027
1002,1027
8026,5889
1002,5889
8026,5887
1002,5887
8026,6194
1002,6194
861,5301
872,5301
10003,5301
4287,1024
3514,1024
8338,4179
7989,4179
8541,4179
1063,4179
4287,7323
6879,7323
4287,1021
3514,1021
8338,1025
865,1025
5811,1025
5775,1025
4287,8807
6879,8807
9473,7853
10003,10030
8716,10030
7769,2658
363,2658
8338,8434
9242,8434
962,8434
8338,1026
7989,1026
865,1026
5811,1026
937,1026
1063,1026
4764,1028
9736,1028
2507,1028
958,1028
7542,3062
9912,7796
9535,7056
9248,7637
7968,7637
3994,8527
7968,8527
5199,9722
7968,9722
963,7638
7968,7638
861,9248
873,9248
9535,9248
8655,9248
787,9248
7056,9248
7167,3994
2635,963
787,963
8856,963
814,963
861,5199
873,5199
7968,5199
4851,5199
787,5199
2700,5199
5826,5199
2469,5199
971,5199
7056,5199
1028,1029
2507,1029
996,1029
5835,1029
5837,1029
10518,7607
4773,7607
10518,8989
4773,8989
10518,6975
4773,6975
932,1030
5839,1030
932,1032
5839,1032
1238,2503
1238,5891
9746,1031
7049,1031
1238,1031
1239,8159
5837,5896
1241,5896
5837,5895
1241,5895
1239,4286
1239,2916
9862,4021
9862,5890
9862,5894
1004,8830
2299,8830
6848,5892
2681,5893
1004,5893
2299,5893
2681,5901
1004,5901
2299,5901
6848,5883
6848,3700
2700,972
9535,972
5826,972
8665,972
9535,8665
9196,974
5845,5847
2700,5848
8665,5848
7673,5848
973,5848
4152,3028
983,5856
982,976
973,975
2479,975
4756,975
973,975
9169,975
3054,5842
5843,5842
7793,5842
5849,5842
983,5842
7793,5842
4754,5842
5648,3169
7597,5851
4756,979
2700,977
8665,977
969,977
980,3296
973,3296
3616,3296
7793,3296
5843,3897
983,3897
876,3897
8851,5844
4756,5850
4033,5850
973,5850
7847,978
7793,978
8916,5852
7895,3993
8305,6949
2671,5192
7517,5854
3571,5191
4756,7926
4033,7926
973,7926
8264,7926
966,7926
5101,9814
981,3275
966,3275
787,5846
788,5846
787,5845
2695,5845
787,7673
932,7673
7968,7673
861,7673
873,7673
5166,7673
972,7673
2695,7673
861,4152
873,4152
9912,4152
7884,4152
9129,4152
4234,4152
9930,4152
787,982
9753,982
9129,2479
967,2479
861,2479
873,2479
370,2479
8733,4754
7793,4754
967,4754
861,4754
873,4754
3699,4754
9535,4754
5203,4754
5499,4754
787,5648
803,5648
787,7597
8542,7597
4920,8851
6389,8851
2005,8851
380,4033
3276,4033
996,4033
8555,4033
8488,4033
5857,4033
952,4033
6210,4033
972,4033
9129,4033
959,4033
787,4033
376,4033
816,4033
5536,7847
6192,7847
8338,7847
7989,7847
9083,7847
937,7847
3054,7847
9930,7847
3176,3616
6192,3616
4784,3616
9083,3616
4776,3616
6943,3616
5834,3616
5832,3616
9930,3616
3764,980
3276,980
996,980
8555,980
8488,980
5857,980
952,980
6210,980
972,980
959,980
9129,980
787,980
8856,980
816,980
967,981
861,981
873,981
9129,981
5531,981
9196,3776
9196,3776
1004,6158
1002,6158
4773,6158
5880,6158
8917,6158
8696,6158
9969,8618
5839,5208
4761,5193
9969,7340
8696,7340
994,3051
8696,10067
5869,985
9969,3215
9832,3215
4761,990
2765,990
949,990
2698,5867
8696,5867
1002,5867
1004,5867
4773,5867
5880,5867
8917,5867
2413,5867
992,988
3427,988
9969,987
7943,5841
2681,5841
5835,5841
5858,5863
7984,7531
994,7531
3427,7531
9969,5866
4749,5866
5835,5866
10510,5866
9969,2574
4749,2574
5835,2574
1002,2574
1005,2574
1004,10005
9969,7373
960,8234
6942,8234
7599,8234
956,8234
957,8234
3350,8234
3427,8234
2681,7349
9969,7349
1005,7349
1002,7349
10510,7349
932,5202
4141,5202
2917,5202
8843,6209
993,986
8843,3874
5839,3874
8629,3874
8696,3874
993,991
9123,991
8398,991
964,991
9364,991
5827,991
10518,9567
8026,5859
4763,5859
954,5859
9983,5859
7492,5207
2747,9968
5198,8760
968,7035
2440,8742
1006,10027
1006,3978
1009,3357
7961,7131
5855,5205
970,8216
5101,5860
5101,5860
8696,995
8629,995
9838,5868
2516,5194
4315,5194
9969,3464
5837,3464
4773,3464
1002,3464
10510,3464
5879,3464
1005,3464
8629,3464
5882,3464
8696,3464
7894,3464
2681,7965
9969,7965
4010,7965
1002,7965
5879,7965
2681,3905
9969,3905
8696,3905
1004,3905
5880,3905
5879,3905
10510,3905
5840,3905
4773,3905
1002,3905
8696,2902
7894,2902
7984,5865
998,5865
932,999
5153,999
5862,999
861,1001
873,1001
3326,1001
9746,1001
7884,9307
932,9307
365,9307
3350,9307
5162,3948
3017,7765
5532,997
3237,9939
9976,3334
3054,9811
1001,9811
9307,9811
9421,9811
2950,9811
1011,9811
1010,9811
9709,9811
8398,3387
5833,1035
6942,5201
8398,5212
4773,5212
9364,5212
5879,5212
8214,5212
10518,5212
964,5212
1002,5212
9123,5212
1004,5212
932,5212
9377,5212
2681,5212
2507,5110
932,5110
5833,5110
5839,5110
9736,5110
8696,5110
4761,5110
5853,5110
9709,3878
957,3878
2950,3878
932,3878
960,3878
1008,3878
6942,3878
1010,3878
7599,3878
7920,1036
4284,1036
8618,1036
1022,1036
9405,1036
5841,1036
5863,1036
1020,1036
1023,1036
7920,5211
4284,5211
5839,5211
4749,5211
4761,5211
2765,5211
3136,5211
1022,5211
5524,5211
5863,5211
1020,5211
1023,5211
7920,5215
4284,5215
3054,5215
988,5215
9709,5215
2950,5215
1010,5215
9421,5215
1008,5215
7884,5215
1022,5215
382,5215
5863,5215
1020,5215
1023,5215
7920,3572
4284,3572
8618,3572
5841,3572
1022,3572
9405,3572
5863,3572
1020,3572
1023,3572
7920,1034
4284,1034
8618,1034
5841,1034
9476,1034
1022,1034
9405,1034
5863,1034
1020,1034
1023,1034
7920,7750
4284,7750
5863,7750
1022,7750
5524,7750
1020,7750
1023,7750
7920,3430
4284,3430
4146,3430
8618,3430
3905,3430
1022,3430
9405,3430
5841,3430
5863,3430
1020,3430
1023,3430
7920,1038
4284,1038
2902,1038
1022,1038
5524,1038
5863,1038
1020,1038
1023,1038
2507,1039
932,1039
9969,1039
5839,1039
5833,1039
10518,3141
4773,3141
1004,3141
932,3141
2681,3141
1002,3141
5879,3141
958,3141
5862,5898
1028,1037
3844,1037
2726,1037
3776,1042
8696,1042
5867,1042
6975,1042
7607,1042
1002,1042
8696,5900
3776,5900
5867,5900
7607,5900
6975,5900
1002,5900
3776,5899
8696,5899
1005,5899
5867,5899
6975,5899
7607,5899
1002,5899
3776,5902
5835,5902
1005,5902
5841,5902
6975,5902
8989,5902
8696,5902
1002,5902
3776,1041
7349,1041
7607,1041
6975,1041
8696,1041
1005,1041
3776,1040
8618,1040
7607,1040
6975,1040
3776,5912
5841,5912
8989,5912
3054,6154
988,6154
3776,6154
7531,6154
3776,5915
4284,5915
1030,5915
3776,3377
8989,3377
1032,3377
5863,3377
3776,8637
2902,8637
6975,8637
3776,5897
995,5897
8696,1005
8045,8917
7159,8917
8882,1043
2985,3021
5862,5913
5862,9770
9969,2947
4765,1003
5839,9210
4765,5878
5839,5878
5839,1007
4773,1007
2947,9128
5839,9128
4773,9128
2947,4772
5839,4772
4773,4772
2947,4322
5839,4322
4773,4322
2947,7932
5839,7932
4773,7932
2947,4771
5839,4771
4773,4771
2947,8041
5839,8041
4773,8041
9196,3673
2342,9172
9255,9172
1060,9172
4730,9172
3514,9172
3822,9172
5917,9172
7374,9172
3892,1048
7922,1048
8365,7972
2349,7972
777,7972
2246,7972
265,4769
4575,4769
258,4769
8365,4769
9260,4769
9804,4769
3773,4769
5713,4769
4287,4775
3499,4775
5910,1045
3499,1045
5910,1045
3499,1045
6414,1045
5956,1045
7790,1045
4831,1045
6898,1045
9699,1045
9155,1045
4784,1045
2433,1045
6414,1045
5956,1045
7790,1045
4784,1045
2433,1045
3425,5903
3536,9941
5508,3976
3116,8523
1060,5911
9155,3451
8776,9915
1052,1380
5922,8150
5917,1047
8292,5919
840,1046
4464,2911
328,3627
2817,3627
5907,3627
5529,3627
40,3627
9699,3627
4787,3627
8805,3627
2341,3627
9255,3627
9173,3627
5907,7250
5528,7250
5909,7250
5906,7250
5904,7250
5161,7250
3688,7250
2835,7250
1060,7250
4831,7250
6898,7250
1070,7250
8961,7250
5920,7250
9155,7250
9579,7250
6879,7250
3418,7250
9519,7250
3514,7250
345,7250
5907,1050
4167,1050
7807,7790
6410,3692
387,1049
3705,1049
9255,1049
385,1057
6878,1057
9255,1057
5956,1051
6414,1051
5526,1051
7807,1051
8639,1051
9255,1051
5522,9762
3714,9762
10103,9762
9255,9762
375,8961
2345,8961
9255,8961
2347,1054
9424,1054
9255,1054
8365,9699
6214,9699
3892,9699
3977,9699
8743,1061
6530,1061
3805,1061
2491,1061
895,1061
4731,1061
893,1061
4725,1061
4786,1061
9255,1061
9443,1053
4978,1053
4727,1053
9997,1053
7977,1053
3892,3425
3805,3425
2491,3425
8365,3536
3892,3116
8365,5922
5802,5917
3306,3429
3805,3429
895,3429
893,3429
4468,3429
2491,3429
4731,3429
4725,3429
5927,1056
9255,1056
8977,8805
9255,8805
8365,7513
5937,1059
4778,1059
4032,1059
5937,1059
4777,1059
4287,5918
6879,5918
9804,5918
2328,5918
898,5918
7496,5918
5937,2433
5939,2433
5503,1078
12,3305
12,5942
6863,9666
7882,3487
9323,3487
9420,9323
1089,1085
6924,1087
2274,1088
2280,1088
861,1088
872,1088
6840,1088
9115,1088
9217,1088
6047,3712
2279,3712
3067,1084
5093,1084
2274,1086
9754,1086
2278,2905
10312,2905
2274,3661
8596,3661
4984,5930
8171,5930
7029,5930
8732,5931
8171,5931
2419,5931
7426,5933
4949,5933
1644,4493
2189,4493
6807,4493
1104,4779
1082,4779
9255,4779
9196,3620
1342,8142
5101,5945
2678,1090
7892,4788
7077,4788
1090,4788
8261,4788
6432,4788
4949,4788
6429,4788
5943,4788
5213,5948
5949,5948
6429,3328
4795,7892
10015,7892
231,7892
1366,7892
5959,5943
1109,5949
3781,5928
1749,5928
4837,5928
5967,9509
6157,9509
7981,9509
6428,2678
8239,5209
5944,5209
1126,2605
3306,2605
4792,1095
7109,8278
1843,4792
8864,4791
2604,7109
8175,4790
9191,9895
1843,9895
3730,9895
1126,5955
4976,5955
5944,8032
8239,8032
1126,9058
4468,9058
1126,7614
7843,7614
8947,1098
4796,3740
7187,8947
4925,8947
9144,9360
3584,7891
1126,9819
5799,9819
1692,5954
4928,3584
8632,3190
1126,5960
3319,5960
9509,1104
9196,5959
5964,5952
5965,5952
9255,5952
7998,1106
1108,1106
9255,1106
5962,5973
7998,5973
3235,5973
5953,5973
5974,5961
2697,5961
9255,5961
7294,3206
1111,3206
5969,3206
1107,3206
9255,3206
5101,1109
3191,3235
3505,3235
5969,7294
1092,3519
7346,4797
5210,4797
8877,4797
2395,4797
5972,4797
4006,4797
9623,4797
8086,4797
6947,4797
3519,4797
7609,4797
9304,4797
1113,5106
5214,5106
8514,5213
7327,7077
1109,8514
5210,7868
7346,7327
5977,7327
9027,7327
5959,7327
4371,1112
4797,9027
5968,1114
5952,1114
7346,1114
5210,1114
9045,1114
5946,1114
5977,7476
7157,7476
7998,7476
5977,8877
7998,8877
5968,1115
5961,1115
7865,1117
7157,1117
3206,1117
7346,1116
1106,1116
7390,2424
1702,2424
9196,5975
5516,2798
5287,2798
7688,2798
349,2798
308,2798
9605,2798
7620,2798
4318,2798
10084,2798
6927,2798
3371,2798
312,2798
8928,7985
5101,6867
349,9608
6927,9608
9605,9608
7620,9608
4318,9608
7871,9608
309,9608
313,9608
8699,9608
8317,9608
307,9608
3698,9608
3664,9608
5513,9608
1699,9608
5512,9608
9763,9608
1700,9608
265,9608
3164,9608
4359,4288
1700,4159
349,5976
4318,5976
308,5976
9605,5976
7620,5976
6927,5976
3371,5976
312,5976
10084,5976
3013,5976
1956,5976
4350,5976
7678,5976
9255,5976
5287,7688
310,5971
9255,5971
8145,5971
10487,7047
9255,7047
3532,7047
9605,9676
4318,9676
6927,9676
9255,9676
3532,9676
7620,9676
7882,3767
5987,3767
1122,5987
5982,1123
9064,8007
5665,8007
6057,8007
5126,8007
5665,2497
6057,2497
8007,5984
2334,5984
2350,5984
6054,5984
9760,5984
9115,5984
8007,1121
2334,1121
2350,1121
6054,1121
1678,1121
8007,5981
6886,5981
4677,5981
5665,5980
10310,5980
5651,5980
5665,3855
3583,3855
9684,3855
8007,5985
2334,5985
2350,5985
6054,5985
1677,5985
8007,8077
2334,8077
2350,8077
6054,8077
7911,8077
2351,8077
8499,8077
6424,8077
7426,5983
8171,5983
2351,5983
9346,5983
9115,5983
638,5989
898,5989
9115,5989
7882,1127
4289,1127
4512,1127
1128,1127
8382,1124
4691,1124
8093,4289
9064,4289
5651,4289
5997,4289
5994,4289
9064,6000
9684,6000
8382,3886
641,3886
9064,3135
8382,3135
4686,3135
4032,3135
9064,3014
8382,3014
4686,3014
3135,4007
2351,4007
8382,4007
8499,4007
643,4007
634,4007
638,4007
898,4007
3135,5999
2351,5999
8382,5999
8499,5999
643,5999
637,5999
3135,2663
2351,2663
8382,2663
8499,2663
643,2663
636,2663
3135,4490
2351,4490
8382,4490
8499,4490
643,4490
634,4490
4685,4490
861,4490
872,4490
3135,9845
2351,9845
8382,9845
8499,9845
642,9845
3135,8260
8382,8260
2351,8260
4677,8260
3135,5991
2351,5991
8382,5991
8499,5991
643,5991
634,5991
4685,5991
638,5991
2449,5991
9346,5991
3135,5993
2351,5993
8382,5993
8499,5993
643,5993
3784,5993
3802,5996
3872,1128
7199,1128
4458,1128
9117,1128
5978,1128
3163,1128
1080,3173
3135,1130
2351,1130
8382,1130
8499,1130
642,1130
3135,1131
2351,1131
8382,1131
8499,1131
642,1131
638,8412
898,8412
4685,8412
2677,8412
10526,8412
2410,8412
8414,8412
1512,8412
9237,8412
3135,5990
2351,5990
8382,5990
8499,5990
643,5990
634,5990
4032,5990
8382,8993
4686,8993
8980,8993
8382,9299
4686,9299
643,9299
634,9299
638,9299
5918,9299
8980,9299
3135,9215
2351,9215
8382,9215
8499,9215
8980,9215
2954,2463
634,2463
1493,2463
6443,2463
8382,2463
4686,5992
643,5992
634,5992
638,5992
5918,5992
1493,5992
6443,5992
8382,5992
2351,2775
8382,2775
8499,2775
3088,2775
2328,2775
899,2775
6319,2775
4686,8568
8980,8568
8382,8568
8382,3227
4686,3227
643,3227
634,3227
638,3227
5918,3227
8980,3227
3135,2979
2351,2979
8382,2979
8499,2979
8980,2979
8499,1139
3773,1139
2351,1139
8382,1139
3088,1139
2328,1139
899,1139
2602,1139
7882,10102
6311,10102
9821,10102
6703,10102
1597,10102
9064,9451
7447,9451
5651,9451
9684,8387
9451,5484
3598,5484
8387,1137
7461,1137
1140,3598
9045,3598
10105,3598
4472,3598
3369,3598
8208,3598
6428,7447
3264,4175
5228,8052
9531,8052
1135,8052
2141,5223
5226,5228
7265,5228
4359,5228
1080,5228
2140,3888
9827,9558
1080,9558
1138,9558
4175,9558
722,3778
9341,5226
5710,5226
710,5226
720,1143
5710,1143
4452,1143
5710,8290
2144,8290
5708,8290
10392,8290
7265,9531
5694,1146
4685,1146
10003,1146
8338,1146
865,1146
638,1146
898,1146
5811,1146
7519,1146
1066,1146
10780,1146
1080,1146
2144,1144
8735,1144
10392,1144
5694,1134
719,1134
4685,1134
861,1134
872,1134
638,1134
898,1134
9115,1134
10003,1134
8338,1134
865,1134
5811,1134
3640,1134
3924,4153
5709,8285
5709,7406
712,7406
7424,7406
9115,7406
716,7406
3381,1150
7424,1152
9912,1152
10771,1151
1722,4412
4034,4412
4959,4412
9964,4412
7426,4412
8171,4412
7882,1153
8052,1153
2568,1153
1141,1153
1693,6003
722,4800
1204,4800
1699,4800
6960,8883
4837,8883
9677,4799
4671,4799
5694,4799
4685,4799
8382,4799
3272,4799
4690,4799
4701,7957
9255,7957
3264,7957
3594,7957
1965,7957
8180,4793
9255,4793
3264,4793
3594,4793
1965,4793
6960,3157
6660,3157
3781,6960
9115,6013
7426,6013
6432,6013
6429,6013
7426,4291
6985,6002
6432,6002
7882,3075
6006,3075
6311,6006
1593,6006
4502,1157
1594,1157
1592,1154
9196,1593
1345,4241
2368,4241
1693,4241
1346,4241
5101,1594
617,1592
4678,1592
9115,10726
9760,2033
9115,2033
9760,2034
9115,2034
1678,2034
3054,8133
666,3528
7332,6014
2035,6014
1080,6014
3887,6014
7165,6014
3824,6014
7165,2955
2850,2955
8283,2955
4359,2435
7165,6360
3819,6360
10105,1161
2920,1161
7580,1161
3974,1586
9255,1586
8748,4908
4034,7332
4035,7332
1731,7332
3942,7332
3858,8283
7710,8283
9196,1164
6311,3942
9677,3942
3824,3942
2850,3858
9677,3858
4502,3858
5101,6359
10105,2724
9229,2724
4472,2724
671,2724
4908,2724
683,6362
3048,6362
9677,1587
10105,1587
4472,1587
9084,1587
1162,1587
4959,1587
9964,1587
2756,1587
4948,1587
8,1587
4678,9474
10105,9474
671,9474
617,1583
10105,1583
9229,1583
9857,3734
1342,1159
5306,7345
7328,3027
7428,3027
3054,3027
899,3027
2449,3027
9346,3027
9535,3027
2468,5098
7328,5098
6364,5098
4703,9101
7328,9101
698,9101
6364,9101
2351,8948
9912,8948
2839,8948
7129,8948
8499,8948
9631,8948
1700,8948
3594,8948
1965,8948
1965,8948
3930,4907
9677,4907
10105,4907
4472,4907
2920,4907
3939,4907
2650,4907
1497,4907
6013,4907
2856,4907
9095,4907
3930,4907
7262,4907
9474,1585
5931,1585
2748,1585
9255,1585
9115,1585
3594,1585
1965,1585
6704,4912
7699,4912
7165,4912
3819,4912
9251,4912
3054,4912
6365,4912
5931,4912
8,4912
2748,4912
3248,4912
5645,4912
568,4912
9977,4912
9139,4912
9912,4912
1728,4912
9063,4912
1700,4912
9255,4912
3594,4912
1965,4912
2882,1584
4032,1584
4678,6365
10105,6365
671,6365
617,4918
10105,4918
9229,4918
9857,9708
5279,10727
4850,9821
10727,9821
1588,9821
5247,4803
9677,1588
6311,1588
4502,5247
9677,5247
10105,5246
9229,5246
5105,5246
704,5246
671,5246
9677,9130
10105,9130
4472,9130
9084,9130
7613,10274
9677,4065
2056,4065
10731,4065
3930,4065
10105,4065
1342,4065
4688,4065
673,4065
2920,4065
1853,4065
9535,4065
3054,4065
667,4065
9084,6933
5670,6933
3979,6933
9255,6933
3594,6933
1965,6933
10729,7774
1601,10728
9677,10729
6311,10729
4502,1601
9677,1601
10105,1601
4472,1601
10105,3926
9229,3926
4472,3926
671,3926
5105,3926
683,6989
3048,6989
9677,7564
10105,7564
4472,7564
9084,7564
5105,7564
704,7564
700,7564
4298,7564
9677,9042
9084,9042
10105,9042
2650,9042
1596,9042
4298,9042
6428,1596
9045,3576
3753,3576
9115,3576
672,3576
668,3576
7774,6703
6014,6703
2955,2032
10728,2032
4803,2032
2391,5279
6432,5279
4359,5279
1080,5279
7139,6706
7510,4802
10771,4802
7882,8561
4437,8561
9993,8561
4802,8561
7503,8561
10730,8561
7924,10733
2140,4437
2144,1590
10392,1590
1342,1590
9569,8393
7139,8393
665,8393
9346,8393
9115,8393
9730,8393
4437,10730
3303,10730
9677,10730
6311,10730
4502,7924
9677,7924
10105,7076
9229,7076
2867,7076
677,7076
1589,7076
671,7076
9677,2042
10105,2042
2650,2042
665,2042
9346,2042
666,2042
7139,2042
1965,2042
4907,2042
634,4798
4685,4798
638,4798
2449,4798
9346,4798
9535,4798
665,4798
9730,4798
7139,4798
861,4798
872,4798
8382,5234
4222,5234
634,5234
639,5234
642,5234
4678,6695
10105,6695
671,6695
4694,6695
3048,6695
617,3061
10105,3061
9229,3061
4694,3061
683,3061
10526,7986
10504,7986
2410,7986
4894,7986
8414,7986
4512,7986
5918,7986
8783,1165
861,1165
872,1165
7139,1165
7980,1165
899,1165
2449,1165
665,1165
9346,1165
4032,1165
4671,6696
861,6696
872,6696
7139,6696
7980,6696
899,6696
2449,6696
9346,6696
665,6696
4186,6696
9255,6696
2991,9839
695,9839
9524,7484
4697,9815
8648,9815
3697,9381
689,8842
700,8842
7613,8842
3138,8842
7959,8842
9313,8842
2578,8842
4418,8842
7591,8842
697,8842
705,8842
5700,2062
9381,2062
9839,2062
6715,2062
7426,2062
7484,5046
9674,4801
699,4801
8842,6715
6712,6715
7692,2665
3941,2665
1080,2665
10532,7692
8006,7692
6789,7692
9115,8709
9115,5047
4287,9609
841,9609
9912,9609
9473,9609
6882,9609
9196,1166
9196,1166
4455,6357
4704,1564
9802,8970
698,8970
4996,8970
8231,1566
6358,8104
4703,3295
4704,3295
7089,3295
6183,3295
698,3295
2624,3295
1166,6355
4997,6355
8166,6355
4424,6355
6955,6355
2652,1573
1844,1573
9677,6955
6311,6955
4502,2652
9677,2652
10105,2652
4472,2652
683,2652
10105,6350
9229,6350
4472,6350
5105,6350
2866,6350
6349,6350
671,6350
683,7963
9340,7963
3295,7963
3048,7963
9677,6353
10105,6353
4472,6353
9084,6353
4988,6353
1342,5281
7426,3161
1575,3161
6432,3161
4949,4909
6705,8109
5931,8109
265,8109
5468,8109
273,8109
7191,3255
5691,3255
10732,3255
9386,7341
1693,7341
690,7341
10732,4906
3241,7377
1693,7377
6108,4017
4128,8788
6708,6705
4678,6705
4678,1167
5931,8173
617,8173
2748,8173
9255,8173
3594,8173
1965,8173
4909,5140
2461,5140
6354,5140
620,5140
2748,5140
9255,5140
3594,5140
1965,5140
661,5140
624,5140
8051,1574
7740,1575
7426,6704
6432,6704
4949,6704
10105,7480
2920,7480
7580,7480
4853,7480
2353,7480
9998,7480
10362,7480
9340,6860
10105,6860
2650,6860
7064,6860
9084,6860
5105,6860
704,6860
705,6860
672,6860
9912,6860
3753,6860
9340,10454
5300,9113
698,9113
9340,1595
10105,1595
2650,1595
7064,1595
9084,1595
3753,1595
9912,1595
9084,1598
16,3374
9255,3374
10105,6170
2920,6170
6193,6170
9229,6170
8748,6170
10050,6170
671,6170
6170,9324
10070,9324
2506,9324
696,9324
5701,9324
1605,9324
7558,9324
3054,9324
667,9324
4688,9324
673,9324
2920,9324
1856,9324
7480,9324
2770,9324
6366,9324
6170,10253
10070,10253
2506,10253
696,10253
5701,10253
1605,10253
7558,10253
3054,10253
667,10253
4688,10253
673,10253
2920,10253
1856,10253
7480,10253
2770,10253
6170,8059
6860,8059
1598,8059
1595,8059
10454,8059
10070,8059
6170,8496
7558,8496
1342,8496
5697,8496
706,8496
4050,8496
6860,8496
10070,8496
2506,8496
696,8496
5701,8496
1605,8496
3054,8496
667,8496
4688,8496
673,8496
6170,7798
10454,7798
10070,7798
2506,7798
696,7798
5701,7798
1605,7798
6170,1169
7558,1169
3054,1169
667,1169
4688,1169
673,1169
1595,1169
10070,1169
2506,1169
696,1169
5701,1169
1605,1169
9677,1597
6170,1597
7,1597
1600,1597
1603,3097
9200,1599
1080,1599
5229,1599
4119,1599
2898,1599
10735,1599
6311,1600
9677,1600
4502,1603
9677,1603
9340,8756
5300,8756
698,8756
10105,1602
9229,1602
4472,1602
671,1602
683,9168
3048,9168
1605,9168
4697,4172
9250,4172
10105,7581
671,7581
8382,7581
4691,7581
4678,7581
5282,3971
7388,3971
5651,3971
9684,2542
10105,7923
9229,7923
8382,7923
641,7923
617,7923
3971,2057
2542,4527
4691,7334
1255,7334
641,8519
7966,6697
8175,10456
10105,6164
4472,6164
671,6164
10105,2031
4472,2031
683,2030
2729,2030
3048,2030
7882,9437
2692,9437
4910,1582
3048,6363
681,4808
7317,4808
683,7042
683,9796
8486,2692
1581,2692
9677,2692
6311,2692
4502,4910
9677,4910
10105,6351
9229,6351
9796,6351
4694,6351
6363,6351
671,6351
7705,6702
7705,6707
6939,9445
9238,3023
6311,6939
9677,6939
4502,9238
9677,9238
10105,6718
9229,6718
671,6718
9677,8661
10105,8661
4694,8661
3903,6700
1182,6700
1515,6700
7801,6700
10737,6700
6710,6700
7908,6700
2855,6700
2055,6700
2049,6700
8014,6700
3280,6700
10272,6700
2044,6700
4359,6700
5032,6700
1080,7333
689,2875
7959,2875
9313,2875
6307,2053
10105,2053
4472,2053
9084,2053
5105,2053
704,2053
2578,2053
6305,2053
714,2053
9445,5283
6700,5283
3766,5283
2472,5283
3023,2051
6701,2051
3447,2051
9196,2472
9677,3766
10105,3766
4472,3766
6311,3766
4502,3447
9677,3447
5101,6701
10105,4310
9229,4310
6306,4310
715,4310
4472,4310
671,4310
713,4310
5105,4310
704,4310
2053,4310
683,2471
3048,2471
2053,2471
2875,7432
3138,7432
6695,9499
9918,9499
3061,9499
9255,9499
3594,9499
1965,9499
9084,2048
3337,2048
9255,2048
3594,2048
1965,2048
9250,2046
9084,2045
4673,2045
9255,2045
3594,2045
1965,2045
8242,9917
2718,9917
4697,9917
9250,9917
3603,9917
7398,7537
2981,7537
9255,7537
3594,7537
1965,7537
9084,8122
10105,8122
8208,8122
8524,8122
9255,8122
3594,8122
1965,8122
7398,1376
2981,1376
3177,1376
9255,1376
3594,1376
1965,1376
7478,10453
9255,10453
3594,10453
1965,10453
10105,8458
5105,8458
1700,8458
704,8458
9084,8458
3697,8458
614,8458
699,8458
9255,8458
3594,8458
1965,8458
2062,8458
4801,8458
5046,8458
9084,8778
10105,8778
4472,8778
684,8778
6427,8778
4672,8778
7914,8778
8208,8778
8382,8778
4690,8778
8524,8778
9255,8778
3594,8778
1965,8778
9084,9032
10105,9032
4472,9032
684,9032
6427,9032
4253,9032
8208,9032
8382,9032
4690,9032
8524,9032
2595,9032
9255,9032
3594,9032
1965,9032
9084,3127
10105,3127
4472,3127
8208,3127
2994,3127
9255,3127
3594,3127
1965,3127
9084,2041
10105,2041
4472,2041
684,2041
6427,2041
4672,2041
6714,2041
8208,2041
8382,2041
4690,2041
8524,2041
9255,2041
3594,2041
1965,2041
9084,8964
616,8964
9255,8964
3594,8964
1965,8964
7398,2047
687,2047
7752,7768
3697,7768
8242,7768
8648,7768
8175,7914
8175,4253
8175,6714
9473,9207
4736,9207
6882,9207
899,9207
9624,9207
9804,9207
3088,9207
2328,9207
4468,6716
2491,6716
9757,2054
2351,2054
598,2054
4678,1171
7245,4144
2861,4144
5678,4144
4699,2052
4174,2052
721,2052
9255,2052
3594,2052
1965,2052
8797,2043
9255,2043
3590,3658
5931,3658
9084,9885
714,9885
8099,9885
8382,9885
6427,9885
2059,9885
2064,9885
2058,9885
3586,9885
633,9885
8175,9885
4276,9885
9084,2050
714,2050
1171,2050
5931,2050
6432,6713
6429,6713
4949,2059
1954,2155
9045,9003
9045,2153
10287,10395
3297,8544
6390,8544
6428,3297
10552,8421
9255,2760
6427,2760
4476,9937
10096,1965
4949,1965
2142,7265
2351,7265
8499,7265
9196,3376
2224,3957
9798,3957
2567,3957
9879,3957
9798,7409
2143,7409
5101,4806
2151,7575
6010,8757
6778,4292
1096,8100
4370,8100
6842,8100
2272,8100
9196,3444
3879,7503
3957,7503
3376,7503
7435,7503
8118,2141
7409,2141
4806,2141
6011,2141
5101,10736
1209,6025
7503,6025
3444,6025
3336,7381
3336,2895
3336,3557
3336,10738
7375,3615
2328,3615
3336,10038
4949,9913
4991,9913
7426,9913
7426,10457
1172,10457
6432,10457
2134,1172
10741,2134
4737,3546
10003,10262
8338,10262
865,10262
5809,10262
3773,10262
9748,10262
342,9141
352,9141
4610,9141
3546,9141
8406,8071
8341,8071
6844,8071
2509,8071
3483,8071
2509,8071
1644,8071
7344,8071
6804,8071
2074,8071
8615,8071
4026,8071
6857,8071
8406,2066
8341,2066
6849,2066
6152,2066
2509,2066
4825,2066
2074,2066
8406,3481
1642,3481
6785,3481
2509,3481
8710,3481
6009,3481
2889,3481
8406,2068
8006,2068
8871,2068
2509,2068
8406,2073
1636,2073
7103,2073
7325,2073
2509,2073
6796,2073
2509,2073
6795,2073
2074,2073
7426,2852
6432,2852
4949,2852
8071,10273
2073,10273
9146,10273
6723,10273
2066,10273
2068,10273
3481,10273
6728,10273
8406,9146
8341,9146
8107,9146
1253,9146
2509,9146
2179,9146
2186,9146
2074,9146
7138,9146
2187,9146
8406,6728
8006,6728
6791,6728
2509,6728
8341,6728
9142,6728
2170,6728
6009,6728
3032,6728
8406,6723
8341,6723
2561,6723
6139,6723
2509,6723
10315,6723
2183,6723
2074,6723
4020,6720
6564,6009
4359,6024
4359,6008
4359,7082
5032,3690
4359,3690
5032,5023
4359,5023
10532,9010
1644,9010
4403,9010
4359,5027
10532,3165
8006,3165
8127,3165
4359,5272
4359,6655
4512,1980
6103,1980
4359,1980
4359,3795
1104,5021
4359,9687
4359,5038
4359,1974
4359,1976
4359,4168
4359,6650
1342,1565
4807,1565
7617,1572
8931,1572
1571,1569
3495,1569
6340,7656
3640,7656
6343,7656
10003,9461
8338,9461
865,9461
5809,9461
5779,9461
3088,9461
861,9461
873,9461
5781,9461
2328,9461
5765,9987
8783,9987
3088,9987
8338,9987
871,9987
5182,9987
4323,9987
7284,4804
3883,3033
3520,3033
4512,3033
7903,3033
1560,3033
9899,3033
4512,1556
3139,1556
1560,1556
1570,1556
1560,4812
9890,4812
4512,10268
4287,10268
9473,10268
6882,10268
4512,3486
2394,3486
3984,3486
1560,3486
1567,3486
4378,3486
9255,3486
7658,3239
7227,3239
6944,10267
9191,10267
1843,10267
6026,10267
7284,2513
1562,10270
2739,8128
1568,1562
1555,1562
1327,1562
7037,2739
9080,1568
9416,1568
9449,7037
3174,4339
9418,4339
6882,4339
9115,4339
3293,4339
9196,9080
4804,4805
2513,4805
1558,4805
5101,9449
10744,3883
9255,3883
8175,9426
8175,1559
7284,1558
7462,7295
5239,6021
1468,1995
7992,1996
9534,6681
4287,6020
6879,6020
9473,6020
6882,6020
7291,9180
1994,9180
10749,9180
6018,9180
1179,9180
2001,9180
1999,9180
7291,5034
1994,5034
10749,5034
6018,5034
1179,5034
2001,5034
1999,5034
7291,6679
1994,6679
1996,6679
6018,6679
7291,6680
1994,6680
10749,6680
6018,6680
1179,6680
2001,6680
1999,6680
2394,5042
3984,5042
4526,5042
6020,5042
6287,5042
10339,5042
5239,5042
1468,5042
7992,5042
9534,5042
9912,5042
3054,5042
3909,5042
4212,5042
9196,7359
5101,3112
6675,10451
8175,1998
8175,6687
4491,2003
6673,2003
7567,7864
6674,6673
6672,6673
1327,6673
3648,7567
7291,6022
6882,6022
9115,6022
7295,6671
7291,2581
3293,2581
6021,3244
1996,6690
6681,10112
1995,5102
1346,6688
7359,6674
3112,3648
1080,2932
7291,8573
1994,8573
1996,8573
6018,8573
7101,5041
4287,5280
3514,5280
4032,5280
2394,5280
2400,5280
4287,9985
6879,9985
9473,9985
2394,9985
5765,9985
9999,9985
3289,9985
21,9985
4976,9985
4980,9985
9804,9985
4782,9985
3805,6684
8149,6684
3306,6684
2491,8252
8149,8252
4468,8252
8175,9134
9698,1186
2956,1186
6678,1186
8275,1186
6677,1186
2560,1186
7793,1186
9852,1186
7730,1186
8414,1186
4512,1186
5937,1186
1068,1186
8338,1186
865,1186
1069,1186
5811,1186
5782,1186
9421,1186
2231,1186
8414,4203
4512,4203
5937,4203
1068,4203
8338,4203
8058,4203
8414,4136
4512,4136
5937,4136
1068,4136
7920,4136
2004,10010
2694,6685
4158,2006
8164,2006
1010,2006
2950,2006
4765,2006
8593,2006
7793,5270
8547,5270
7984,5277
2950,5277
9969,5277
2956,8669
2394,6186
8066,6186
3523,6186
8300,6186
5740,6186
7984,6186
883,6186
5937,2004
1068,2004
8338,2004
8058,2004
9814,2004
7920,2004
5860,2004
5860,2004
3139,2004
7903,8212
5937,8212
1068,8212
7920,8212
3776,8212
3776,8212
8338,8212
8058,8212
974,8212
9196,1184
7993,10747
231,10747
10108,10747
5435,10747
3456,10747
5441,10747
4126,10747
2563,10747
7696,1185
6395,1185
231,10753
8199,10753
3881,10753
5466,10753
3456,4894
9758,7468
6309,7468
9698,7468
8414,7468
4904,7468
10111,7468
8783,7468
3632,7468
7326,7468
1242,7468
9800,7468
1193,7468
9589,7468
9212,7468
6643,7468
3561,7468
3711,7468
9978,7468
10291,7468
8267,7468
4894,7468
9064,7468
9084,7468
3369,7468
9677,7468
10105,7468
4694,7468
684,7468
4672,7468
10053,7468
2203,7468
9698,1509
2859,1509
2925,1509
7048,1511
9698,9978
8414,9978
265,9978
5468,9978
9125,9978
8143,9978
7684,9978
10753,9978
231,9978
5054,9978
4512,9978
6863,9978
2702,9978
352,9978
4611,9978
5950,9978
4788,9978
5948,10048
9698,1506
4949,1506
1093,1506
1091,1506
8585,1506
5973,1506
4779,1506
8414,1506
5928,1506
9698,2409
8414,2409
1252,2409
6076,2409
1983,2409
9698,10754
4949,10754
265,9374
5468,9374
9041,9374
1471,1512
1471,7547
2410,7547
8414,7547
3520,7547
4512,7547
7903,7547
9666,7547
2863,7547
9196,9897
8171,10748
1187,10748
2139,10748
1188,2925
1471,2925
1471,1507
5101,1181
2410,4142
8414,4142
4512,4142
8341,4024
2317,4024
1644,4024
6065,4024
8341,9078
2322,9078
1644,9078
10021,9078
8414,7753
10532,7753
4894,7753
3403,7753
9649,7753
2351,7753
6689,2913
3080,2913
3653,2913
6356,5297
8435,5297
2781,5297
6693,5297
9698,4137
7426,4137
2913,4137
2009,4137
10750,4137
5765,4137
8771,4137
9255,4137
7426,4137
2913,4137
2009,4137
10750,4137
4287,8643
6879,8643
10851,8643
7426,9500
10282,9500
6356,9500
4190,10282
3080,10282
7893,10282
6877,2023
4287,2023
3514,2023
4364,2023
3805,6694
10851,6694
5765,6694
3088,6694
861,6694
873,6694
9804,6694
2328,6694
2491,6694
8932,6694
3805,6692
5765,6692
3088,6692
9804,6692
2491,6692
4032,6692
2354,2024
6899,2024
10370,2024
6105,2024
7426,4242
6432,4242
4359,4242
1080,4242
4949,4242
9698,10259
7426,10259
9804,10259
8771,10259
6356,10259
6693,10259
4055,10259
3851,8771
3080,8771
8249,8771
10751,3080
4832,3080
2865,3018
2962,10757
2007,8455
6686,8455
9255,8455
2780,3277
1714,3277
4002,3277
2780,6699
1714,6699
8219,6699
2642,6699
4210,6699
2780,3679
1714,3679
8219,3679
2642,3679
2962,6180
3309,2027
9738,2027
4210,2027
2008,2027
3644,6691
9296,1189
6356,9641
7426,2026
5049,2026
3018,2934
2764,5049
3080,5049
3870,2009
4832,2009
9473,2015
6882,2015
4287,2016
6879,2016
5801,2016
4210,4178
2962,4178
2011,4178
8966,4178
8075,4178
9738,2018
8499,2018
4210,2018
2780,2018
4032,2018
2962,2018
2351,4132
3652,2019
2351,2019
4210,2019
2962,2019
8499,2019
2642,2019
8135,2019
8499,3153
4210,3153
2005,3153
9950,3153
2642,3153
8135,3153
2351,2017
7753,2017
2642,2017
8135,2017
1714,4111
4002,4111
8499,4111
2351,4111
1714,9522
8499,9522
2351,9522
1714,3110
8499,3110
2351,3110
2642,3110
4210,9387
2642,9387
2010,9387
8075,9387
2962,9387
8966,9387
2014,3870
1180,3870
3309,6698
4210,6698
2012,6698
3523,9561
4032,9561
3003,9561
2351,9561
8499,9561
3870,10750
4832,10750
6356,2021
7426,4463
10024,4463
2020,2022
3018,2020
7116,10024
3080,10024
2410,4888
8414,4888
4512,4888
9666,4888
6443,4888
6103,4888
2410,2859
8414,2859
4512,2859
4783,2859
2410,1505
8414,1505
10111,1505
2845,1505
6314,1505
6298,4890
6314,4890
7426,9365
5942,9365
6432,9365
4949,9365
4359,9365
1080,9365
2410,7931
8414,7931
4512,7931
10111,7931
4495,7931
5937,7931
9669,7931
3825,2968
4346,1983
2394,9459
8845,9459
1509,1188
6443,1188
2410,1188
1509,1188
1509,7251
1183,9389
8414,9389
4512,9389
4783,9389
2410,3213
8414,3213
4512,3213
9666,3213
8414,9518
4512,9518
6103,9518
8414,10026
10111,10026
2845,10026
6314,10026
8414,6316
6298,6316
6314,6316
9624,1482
642,1482
9804,1481
3088,1481
7958,1481
4736,1481
7958,1481
9624,6320
3272,6320
9624,6319
3272,6319
642,1493
2595,1493
8980,1493
9624,2602
3272,2602
4690,2602
3272,2495
642,2495
9624,2495
3272,2495
4690,2495
763,2495
8382,2495
4736,2495
6882,2495
899,2495
9804,2495
3773,2495
3088,2495
8382,2495
2328,2495
899,2495
9624,6313
2882,7942
6598,7942
9255,7942
6147,7942
3594,7942
1965,7942
2882,6017
6587,6017
9255,6017
6147,6017
3594,6017
1965,6017
10532,3650
1644,3650
4403,3650
4361,3650
4374,8912
5083,8912
9255,8912
6863,8912
3594,8912
1965,8912
1126,6296
10851,6296
9115,6296
9804,6296
3640,6296
2328,6296
7906,6296
2962,6296
9764,6296
1345,9368
1126,6312
9997,6312
1126,4336
9997,4336
4727,4336
4512,4336
2394,4336
4785,4336
7977,4336
765,4336
9255,4336
6850,6178
1126,1476
9997,1476
4727,1476
7977,1476
6850,6293
1126,6293
4512,6293
2394,6293
8073,6293
6850,7842
1126,7842
10093,7842
4978,7842
9255,1477
3640,1477
3594,1477
1965,1477
3205,6317
352,6317
3304,6317
5941,6317
1700,6317
10003,6317
8716,6317
9255,6317
8338,6317
865,6317
5811,6317
4512,1479
4287,1479
8365,1479
743,1479
6879,1479
8271,1479
6427,6318
2553,6318
4710,6318
5775,6318
4512,6318
5185,6318
10532,6318
8341,6318
3483,6318
9322,6318
4512,6318
9804,6318
4710,6318
5775,6318
6133,6318
10532,6318
8341,6318
3483,6318
9322,6318
2553,8186
4710,8186
5775,8186
4512,8186
5185,8186
5779,7974
5781,7974
2307,6297
10532,6297
8341,6297
4026,6297
1699,6297
10532,1472
8341,1472
8844,1472
10532,7726
8341,7726
8844,7726
10532,4369
8341,4369
8844,4369
8732,9322
2419,9322
10532,6303
8341,6303
3483,6303
5092,6303
10532,3814
8006,3814
8127,3814
6794,3814
3088,3574
8338,3574
7989,3574
937,3574
5083,3574
10532,2825
1644,2825
7344,2825
5931,2825
6863,1478
5931,1478
2748,1478
9255,1478
3594,1478
1965,1478
4983,2730
10278,6298
4512,2845
6863,2845
5937,2845
9669,2845
9365,2845
6328,2845
10278,2845
6322,2845
10075,2845
10532,1480
2873,1480
6060,1480
6797,1480
10532,7220
2873,7220
2178,7220
2173,7220
10532,9192
2873,9192
2637,9192
2180,9192
10532,4891
2873,4891
7378,4891
7057,4891
7248,8250
10532,8250
1644,8250
4403,8250
3781,8250
4837,8250
6537,8155
10532,8155
1644,8155
4403,8155
1751,8155
6850,8155
20,8155
3069,8155
20,8155
4837,8155
3781,7154
4837,7154
3781,7927
4837,7927
6537,1488
10532,1488
1644,1488
4403,1488
1753,1488
6850,1488
20,1488
4297,1488
20,1488
4837,1488
6537,1491
10532,1491
1644,1491
4403,1491
1752,1491
1126,1491
4297,1491
20,1491
4837,1491
6537,1494
10532,1494
1644,1494
4403,1494
6487,1494
1126,1494
3069,1494
20,1494
4837,1494
6537,6958
6473,6958
8115,6958
6537,2874
10532,2874
1644,2874
4403,2874
8115,2874
6850,2874
20,2874
3069,2874
20,2874
4837,2874
6537,10755
10532,10755
1644,10755
4403,10755
6473,10755
6850,10755
20,10755
4297,10755
20,10755
4837,10755
6537,6295
6134,6295
7356,6295
6537,1473
7356,1473
6537,3691
6134,3691
1871,4492
1871,7213
53,7213
6578,7113
53,1490
7352,1490
6582,1487
6850,4415
3259,4415
7352,4415
7904,7054
4523,9198
1928,9198
763,9198
8414,9198
10532,9198
4894,9198
3403,9198
9649,9198
8499,9198
6503,9198
6493,9198
2942,9198
4107,9198
4107,9198
1126,1474
1126,7956
4523,3476
1928,3476
763,3476
7207,3476
3306,6962
2352,6962
3805,6962
8149,6962
2394,6962
2400,6962
3293,8037
6443,8037
1126,8037
8271,8037
6427,8037
9473,8037
4512,8037
7429,8037
846,8037
6492,7706
7429,7706
2394,1486
8073,1486
1345,4889
4468,6315
2491,6315
8149,6315
6850,2886
7429,2886
6850,3494
4512,3494
1126,3494
7429,3494
6484,1484
7429,1484
6507,6299
1762,6299
5931,2480
2748,2480
9255,2480
6863,2480
3594,2480
1965,2480
5083,2480
1547,1492
1552,1492
1199,7825
4899,7825
1964,2936
4949,2936
1961,2936
6877,2936
4512,2936
744,2936
6585,2936
4449,2936
4819,6294
6877,6294
2410,2863
10111,2863
8783,2863
861,2863
873,2863
10746,2863
1184,2863
10526,1984
9111,1984
10526,9195
9111,9195
9255,7182
9255,1988
2369,7226
8816,7226
9255,7226
2369,9436
9255,9436
5123,5227
265,5227
269,5227
268,5227
8197,5227
1247,5227
8006,5227
2170,5227
6792,5227
8341,5227
8615,5227
9559,5227
3483,5227
5092,5227
6849,5227
6152,5227
9329,5227
1636,5227
7325,5227
2177,5227
3032,5227
6793,5227
6791,5227
2172,5227
8107,5227
2179,5227
4207,5227
9142,5227
2316,5227
4026,5227
4012,5227
4825,5227
7994,5227
2187,5227
2182,5227
2186,5227
2185,5227
7138,5227
7648,5227
2561,5227
2183,5227
2184,5227
1642,5227
6785,5227
6787,5227
10315,5227
10110,5227
6139,5227
9030,5227
1644,5227
7344,5227
2691,5227
6804,5227
7407,5227
6807,5227
6798,5227
4403,5227
4361,5227
6812,5227
6805,5227
2189,5227
4169,5227
8710,5227
2166,5227
2873,5227
6060,5227
6797,5227
2178,5227
2173,5227
2637,5227
2180,5227
7378,5227
7057,5227
2889,5227
2165,5227
8871,5227
2167,5227
4032,5227
10532,10461
8341,10461
3483,10461
1644,10461
7344,10461
8454,10461
1080,10461
5036,10461
1977,10461
3690,10461
1972,10461
1173,10461
6835,10461
8783,10461
4512,10461
6656,10461
6651,10461
9698,7326
8414,7326
1980,7326
6024,7326
5272,7326
1080,7326
4904,7326
10111,7326
10082,7326
10461,7326
5033,7326
6640,7326
5030,7326
2919,7326
10532,7326
4024,7326
9078,1968
4353,1968
231,1968
1366,1968
7684,1968
230,1968
9255,1968
4264,1968
3594,1968
9698,1968
1965,1968
6642,1968
6644,8585
8414,6658
4512,6658
6103,6658
231,5030
7456,5030
231,6642
234,6642
7684,10264
229,10264
9255,10264
4264,10264
3594,10264
9698,10264
1965,10264
231,6654
1366,6654
4904,6654
10458,6654
1080,6654
10296,6654
10532,6640
2873,6640
9391,6640
7378,6640
9844,6640
2637,6640
8084,6640
6060,6640
1979,6640
2178,6640
10044,5033
3795,5033
1080,5033
6655,5033
8414,5033
9687,5033
6650,5033
4168,5033
9356,5033
1978,5033
1175,5033
8336,5033
1973,5033
1370,5033
3562,5033
3772,5033
7368,5033
4904,5033
8943,5033
3620,5033
5945,4353
4430,10082
1080,10082
4512,10082
1975,10082
6008,10082
5027,10082
10460,10082
5022,10082
7082,10082
1976,2919
1080,2919
1974,2919
5038,2919
10482,2919
8693,10745
1345,4355
841,5298
9115,5298
10851,5298
4512,10280
4287,10280
6879,10280
4928,3938
4208,3938
1080,3938
1190,3938
9234,3938
6663,3938
4510,3938
7003,3938
8764,10759
1501,8764
2563,8764
2563,8764
2282,8764
1502,8764
4003,8764
8421,8764
4359,8764
1080,8764
2291,1504
2448,1504
2448,1504
5088,7028
4104,7028
7032,7028
1360,7028
1650,7028
3438,7028
6030,7028
783,7028
4521,6323
4521,3680
9890,5251
4896,7279
1126,7279
5799,7279
7843,7279
3319,7279
6030,4375
7221,7241
4928,7241
10758,1500
1080,1500
3247,1500
4928,1500
6669,1500
8724,1500
6648,1500
3049,1500
10281,1500
9102,1500
2135,4003
4928,1985
6410,1985
3853,1985
9255,1985
1650,1985
3594,1985
1965,1985
4928,4432
1650,4432
1699,4432
3421,4432
9255,4432
3594,4432
1965,4432
4928,10074
1650,10074
1699,10074
4923,10074
9255,10074
3594,10074
1965,10074
1650,1986
3438,1986
9365,1986
6328,1986
6322,1986
1667,1986
9255,1986
3594,1986
1965,1986
10075,1986
3588,1986
9375,9646
9255,9646
4928,9646
1650,9646
3594,9646
1965,9646
1749,6029
1126,6029
8397,6029
9255,6029
1650,6029
3594,6029
1965,6029
6850,10761
1126,10761
8397,10761
9255,10761
1650,10761
3594,10761
1965,10761
7221,1989
4928,1989
1126,6660
4282,6660
9255,6660
1650,6660
3594,6660
1965,6660
6850,1191
1126,1191
4282,1191
9255,1191
1650,1191
3594,1191
1965,1191
4928,4645
4934,4645
4319,4433
3781,4433
8528,4433
4837,4433
4319,6649
3781,6649
8528,6649
4837,6649
4,7987
9756,8289
7987,7382
9472,7434
4928,7434
4319,7434
3781,7434
7382,7434
4928,1194
6410,1194
7987,1194
3938,1194
3520,1194
4512,1194
7903,1194
4896,6030
1126,10276
7843,10276
3319,10276
1126,1496
7843,1496
3319,1496
9472,6321
1194,6321
1692,6321
4928,1499
6410,1499
7987,1499
1500,1499
4925,1499
7807,1499
9800,1193
10762,1193
2968,1193
3735,1193
6641,9331
6310,9331
1569,9331
1967,5029
1565,10762
9698,10762
9539,10762
4894,10762
2057,10762
1342,2462
9698,2462
10102,2462
8561,2462
9437,2462
4894,2462
8414,2462
10111,2462
1127,2462
9495,2462
4904,2462
1153,2462
3767,2462
3075,2462
9196,6311
5101,4502
1182,3369
10271,3369
6977,3369
7519,3369
7733,3369
9495,3369
9855,3369
1498,3369
9255,3369
6037,3930
9255,3930
6032,4079
10790,9589
5025,9589
1970,9824
5283,9539
2051,6652
6311,5025
9677,5025
4502,1970
9677,1970
8519,8411
2031,8411
8382,8411
7334,8411
6164,8411
6697,8411
9196,3735
6032,6309
5101,6310
8414,3711
10044,3711
3701,3711
9698,3711
4894,3711
9800,3711
1971,3711
3735,3711
6310,2989
5273,2989
8861,2989
5484,1971
6355,1971
1137,8861
1573,8861
8230,3701
6841,3701
9835,3701
5089,5273
6035,5273
10111,9212
8783,9212
7920,9212
8414,9212
2702,9212
352,9212
4611,9212
10759,9212
3735,9212
10111,3816
8414,3816
4512,3816
7375,3816
4901,3816
10111,5276
8414,5276
4512,5276
7375,5276
1542,5276
2571,8042
1192,9690
1504,9690
1192,7048
8414,5031
4512,5031
2394,5031
4787,5031
10111,5031
7375,5031
7426,4354
4382,6664
6432,6664
4987,6662
4359,6662
10792,10763
1080,10763
4125,2822
2284,8620
8378,8620
1195,8620
1700,8620
3672,8620
8131,8620
7351,8620
4163,8620
7366,8620
3269,8620
2286,6667
6067,6667
8651,6667
1749,6661
2547,6661
4363,6661
8651,6661
4163,6661
5037,6661
4425,6661
6683,6661
3611,6661
8217,6661
1774,6661
37,6661
2284,6661
7351,6661
7366,6661
3269,6661
3150,6661
1700,6661
3160,1991
3160,4435
9435,2500
4163,6670
4163,8636
9196,3443
5101,3515
4218,1992
9255,1992
5043,3355
9255,3355
3786,5044
9255,5044
3356,7573
9255,7573
5088,8632
4104,8632
2500,8632
1345,2794
1345,2543
6615,3894
1126,3894
5715,3894
1080,3547
10532,3632
9794,3632
8006,3632
6789,3632
8318,6646
4359,6646
9779,6646
5275,6646
5039,6646
3716,6646
3115,6646
5020,6646
6653,6646
3835,6646
6023,6646
5035,6646
9356,6646
1978,6646
1175,6646
8943,6646
3690,6646
5032,6646
5023,6646
10275,6646
8006,9683
5339,9683
3518,9683
8534,10291
8510,6643
6662,9794
6645,9794
5287,9794
1969,3518
9755,8510
10763,6645
10532,6645
2873,6645
2176,6645
2822,1969
2873,1969
2174,1969
4773,6676
4902,2885
2797,3041
7485,3041
1538,3041
9936,3999
1532,3999
5837,7976
5879,7976
9936,7976
1004,7976
1531,7976
4338,9768
5839,9768
4902,7945
5839,3031
8629,3031
8696,3031
2632,7117
6036,7117
6036,2959
2302,6211
2295,6211
7984,6211
5865,6211
880,6211
5296,6211
988,6211
5306,1527
2468,6980
4158,6980
8164,6980
10581,2694
9969,1196
5839,3311
4902,3910
2797,3910
10288,4900
7285,8666
9052,8666
6336,8666
2998,8666
9969,8666
8897,8666
6335,8666
5867,8666
3905,8666
987,8666
9218,8666
3215,8666
7965,8666
6335,2793
4773,2793
8897,2793
1004,2793
2681,2793
9969,2793
6336,2793
10510,2793
4770,2793
5839,8094
10286,8094
1198,8094
3796,8094
10286,2649
9052,2649
6335,2649
8897,2649
2797,2636
7485,2636
1538,2636
9936,1517
1532,1517
4773,7722
9936,7722
1004,7722
1531,7722
7263,6337
8275,6337
5835,6337
1002,6337
2956,6337
7263,1541
8275,6392
2956,6392
2681,6392
6216,10288
7485,10288
1538,10288
1198,3796
10286,8136
9052,8136
6335,8136
5873,1198
4770,1198
5876,1198
10510,1198
1004,1198
4773,1198
2797,5252
7485,5252
1538,5252
2765,6329
990,6329
9936,6324
1532,6324
4902,8335
2765,8840
9936,8840
5838,8840
1531,8840
4338,1516
949,1516
3910,8329
10286,1537
9052,1537
8897,1537
6336,1537
2826,1537
3910,6334
2649,8829
7945,8218
8335,8218
2885,8218
6334,8218
1520,8218
8329,8218
9969,8218
7945,8218
8335,8218
2885,8218
6334,8218
1520,8218
8329,8218
9969,9909
7426,1528
7426,1528
2956,5295
6678,5295
6676,5295
2681,5295
9969,5295
7758,5295
3866,5295
8275,5295
6677,5295
10764,5295
8815,1522
1519,3124
1524,3124
6333,2571
6339,4901
9044,1542
7426,3332
4949,3332
1004,4903
9969,4903
10581,8593
1535,6333
4246,10769
2684,6339
1540,6339
4337,6339
5782,9044
1540,9044
4337,9044
2797,1536
4820,1536
4821,4337
9969,7579
1004,7579
8593,7579
2246,7579
3311,6038
2694,6338
2956,2706
1004,2706
3776,6330
1535,5248
8275,5250
7421,3750
9790,3750
6330,3750
4158,1530
8164,1530
7984,1530
3910,1520
10286,1520
1543,1520
2649,7744
10286,7744
9052,7744
6336,7744
4465,4338
4465,2632
2903,2632
4465,6036
783,8903
4,8903
1126,10116
7843,10116
3319,10116
4032,10116
9196,7672
6345,1548
1551,1548
8306,1552
9255,1552
6850,1552
4837,1552
1553,1552
2879,1552
5101,10767
3229,4899
9255,4899
6850,4899
4837,4899
1553,4899
1549,4899
2993,2411
3880,2411
7672,8230
2563,8230
10767,6035
2448,6035
2448,10707
6850,10707
4837,10707
2563,10707
4,2993
2778,2993
3410,2993
4,2993
1553,1546
10116,1546
2351,1546
8499,1546
783,3758
5088,6344
4104,6344
7032,6344
1360,6344
783,6344
6342,3987
1553,3987
10116,3987
2351,3987
8499,3987
7988,1550
9816,1550
9193,1550
7902,7023
6356,7023
7426,7023
5224,7902
4359,7685
5032,7685
5929,5050
8296,5050
4939,5217
1690,5217
8987,5107
5217,5107
5303,5107
3594,10290
1965,10290
1700,1952
9255,1952
5217,1952
5303,1952
7426,5026
6432,5026
4949,3446
5107,1201
265,7836
5468,7836
284,7836
6427,7836
5107,7836
7426,5218
8598,5218
6432,5218
1342,2060
4949,1997
9694,1203
5762,1203
8787,1203
3440,9090
5770,9090
740,9090
7045,9090
8642,3016
8783,3016
7045,3016
1203,3016
7075,1964
6432,1964
3016,7075
10003,3965
8338,3965
7989,3965
8457,3965
2938,3965
3512,3965
4737,7045
265,10079
5468,10079
6167,10079
874,7074
5791,9922
6877,4819
6863,4819
5931,4819
2748,4819
9255,4819
3594,4819
1965,4819
356,4819
861,4819
872,4819
7530,2131
5781,2131
3773,9318
5781,9318
1700,6768
3205,6768
5779,6768
352,6768
3304,6768
3594,6768
1965,6768
10003,6768
5781,6768
8338,6768
865,6768
5811,6768
7989,6768
937,6768
1984,6768
1699,6768
5077,6768
1075,5083
9667,5083
7375,5083
1700,5083
1984,5083
7375,1205
1700,1205
9195,1205
4359,10279
5254,10766
2139,10766
4340,10766
8171,10766
5468,2690
285,2690
6953,2690
9576,1633
1700,1633
265,1633
5468,1633
284,1633
5064,1633
9317,1633
8704,1633
349,1633
312,1633
9763,1633
2846,5254
231,5254
7456,5254
7239,4340
861,3838
872,3838
5762,3838
731,3838
1699,3838
5781,10292
861,10292
873,10292
5779,10292
8338,10292
865,10292
5811,10292
5512,2070
1700,2070
300,6034
8704,6034
325,6034
5045,6034
1204,2078
1699,2078
1204,3401
1699,3401
349,8994
308,8994
1699,8994
8704,8994
317,8994
3232,8994
265,8994
3164,8994
3773,7530
3318,2763
3318,2763
3318,2763
3318,2763
9767,2071
4949,2071
1204,2072
1699,2072
4733,7633
5077,7633
6721,7633
861,4054
872,4054
2514,4054
5078,4054
8790,4054
4737,4054
4734,9769
5078,9769
9547,9769
861,6733
3120,6733
9255,6733
872,6733
3594,6733
1965,6733
861,3147
7501,3147
3120,3147
9255,3147
872,3147
3594,3147
1965,3147
861,2077
3120,2077
9255,2077
872,2077
3594,2077
1965,2077
861,1204
872,1204
3264,1204
5762,1204
731,1204
5654,1204
3364,1204
2541,1204
6863,1204
8952,4818
6877,7785
1063,7785
9255,7785
6863,7785
3594,7785
1965,7785
5788,7785
5937,7785
9669,7785
838,7785
4449,7785
2666,7785
8444,6719
1204,3219
1699,3219
265,7272
269,7272
2852,7272
267,7272
3164,7272
265,2660
268,2660
2852,2660
3368,2660
3164,2660
3006,2081
4949,2081
10526,10012
1224,10012
5083,6732
1205,9488
7363,2079
1650,2079
1699,2079
7363,7372
1650,7372
1699,7372
3920,5055
8004,5055
1963,5055
7282,5055
1957,5055
1204,2076
1699,2076
8998,2076
9255,2076
6863,2076
3594,2076
1965,2076
5937,8357
9175,8357
9255,8357
6863,8357
3594,8357
1965,8357
5937,5048
7822,5048
9255,5048
6863,5048
3594,5048
1965,5048
5937,6172
7362,6172
9255,6172
6863,6172
3594,6172
1965,6172
5937,7991
1071,7991
7822,7991
9255,7991
6863,7991
3594,7991
1965,7991
5937,9385
7822,9385
9255,9385
6863,9385
3594,9385
1965,9385
6737,9237
2086,9237
10526,9237
1224,9237
5083,9237
1699,2067
10526,2067
2925,2067
265,3659
3164,3659
7290,7455
4032,1206
10846,1206
10096,1206
9255,1206
3743,2075
1225,2075
9255,6722
3594,6722
1965,6722
265,7647
5468,7647
9125,7647
231,7647
5054,7647
4949,7647
1703,7647
4359,10482
4359,3024
4359,3780
4928,6744
6410,6744
4359,2090
4359,5061
4359,4358
4359,7794
4359,9889
4359,10294
4359,6748
4359,2616
4359,9022
4359,8349
4359,1208
4733,1207
4733,1207
4359,6742
4359,4376
4359,5056
4359,6746
4359,3998
8499,4240
3640,4240
4359,2092
4359,5058
8499,2091
3640,2091
5287,8768
1632,2846
1631,2846
2080,2846
5057,2846
1080,2846
9773,1631
2132,1631
2129,1631
7919,1631
10284,1631
8421,1631
9255,2130
2135,7919
2135,2129
2135,10284
2135,9773
2135,2132
7510,1209
10771,1209
6776,2084
2147,2084
2148,2084
1174,2084
6777,2084
2149,2084
7404,2084
2152,2986
8100,2986
10739,2986
6776,3402
2147,3402
2150,10772
7510,10772
10771,10772
8673,10772
7510,2085
10771,2085
7510,2587
10771,2587
2150,9121
7510,9121
10771,9121
3030,9121
3602,6734
1692,6734
3205,8673
352,8673
4266,8673
4611,8673
3666,8673
6739,8673
6735,4064
9196,6739
7426,3666
8171,3666
6740,3666
5101,6735
3205,3030
352,3030
4266,3030
4611,3030
8777,3030
2089,3030
2088,6749
9196,2089
7426,8777
8171,8777
7331,8777
5101,2088
3788,10394
2459,10394
9694,10394
5762,10394
8787,10394
3440,10773
5770,10773
3129,10773
740,10773
1210,10773
9685,10773
6042,10773
6383,5255
3440,5255
5770,5255
9333,5255
4280,5255
5762,5255
8353,5255
1621,5255
5762,1618
731,1618
3440,1618
5770,1618
740,1618
6930,9530
9255,9530
4264,9530
3594,9530
10522,9530
1965,9530
231,1614
1366,1614
2612,3788
8349,3788
1080,3788
9694,3788
8675,2519
5284,2519
231,1616
8199,1616
122,1616
9194,1616
8751,1616
183,1616
5466,1616
3440,7782
3879,4193
840,4193
5788,4193
5759,4193
4133,4193
5762,4193
731,4193
3642,4193
733,4193
8597,4193
732,4193
6729,4193
8654,4193
6971,4193
6731,4193
10395,7350
2155,7350
5762,7350
4201,7350
2153,7350
2085,7350
7503,7350
3416,3308
5256,3308
8078,3308
8820,3804
5762,3804
731,3804
7777,3804
733,3804
9003,3804
4201,3804
9255,2887
3308,3918
1339,3918
9694,6971
5762,6971
8787,6971
3440,6971
5770,6971
3129,6971
3440,3416
5770,3416
9333,3416
4280,3416
5762,3416
8353,3416
3491,10397
5762,10397
731,10397
886,5256
9694,9716
3440,9716
5770,9716
3129,9716
740,9716
4737,9716
2144,7338
3440,7338
5770,7338
740,7338
10392,7338
861,3361
872,3361
7748,3361
10003,3361
8338,3361
7989,3361
8457,3361
3469,3361
863,3361
860,3361
867,3361
9716,4133
8976,4133
4359,4133
1080,4133
5770,7238
740,7238
9071,7857
5770,7857
740,7857
3024,6381
10482,6381
8103,6381
2674,6381
2804,6381
10298,6381
5057,1212
1080,1212
10279,1212
231,2721
1366,2721
9404,2721
1080,2721
10296,2721
8522,2721
6746,2721
4422,2721
9255,2721
4264,2721
3594,2721
1965,2721
3412,1624
6187,1624
10484,1624
7265,8976
4359,8976
1080,8976
8960,8078
4945,1620
3194,1621
7508,6383
1623,9920
8952,1622
8135,4102
9772,4102
7032,6754
7032,3953
8547,2107
9969,2107
2826,8867
8547,4056
5839,4056
973,4056
2977,4056
8876,4056
9255,4056
8547,8139
5839,8139
973,8139
2977,8139
8876,8139
9255,8139
971,4164
9969,4164
9873,4164
8547,3762
5839,3762
9255,3762
8547,6750
1004,6750
5839,6750
4773,6750
973,6750
2977,6750
8876,6750
2826,6750
9255,6750
861,2095
872,2095
3879,10774
9388,10774
8920,10774
3099,10774
4729,4195
4737,4195
4734,6757
2106,8137
5934,9388
9964,9388
4959,9388
1731,9388
1215,9388
4832,9388
4402,9388
6464,9388
2098,10260
8,10260
973,10260
2977,10260
1729,10260
8547,10260
2826,10260
1728,10260
9063,10260
8,3769
973,3769
2609,3769
2977,3769
8547,3769
2826,3769
1728,3769
2037,7677
1080,7677
1730,7677
2036,7677
8594,7677
1321,7677
4359,1213
1213,3099
8906,3099
8,2109
6466,2109
7129,2109
6753,2109
7489,2109
5067,8906
6946,8906
10297,8906
2609,5289
5189,5289
9912,5289
2977,5289
3149,9370
5937,9370
1069,9370
3699,9370
9115,9370
1538,2104
7426,2104
2797,6756
7485,6756
2797,5060
7485,5060
8876,5060
973,5060
2977,5060
965,6755
7796,6755
2700,6755
9912,6755
8264,2737
9936,2737
8547,2737
1531,2737
6752,2102
8536,2102
9511,2102
2792,2097
6061,2097
8135,2097
9772,2097
8991,9841
9738,9841
7336,6043
3309,9016
977,2096
8135,3751
4200,2545
2459,2545
5516,2545
9920,2545
10293,2545
5975,2545
5513,7391
342,7391
1210,7391
6374,7391
9710,7391
10776,7391
4228,7391
6383,6373
9920,6373
10293,6373
6867,6373
8928,6373
1621,6373
349,6372
308,6372
231,2844
1366,2844
228,2844
9255,2844
4264,2844
3594,2844
10522,2844
1965,2844
2612,4200
5056,4200
1080,4200
2090,4200
5516,4200
231,10071
8199,10071
122,10071
5513,8028
349,8028
10084,8028
4318,8028
6927,8028
3879,8291
2798,8291
4625,8291
351,8291
7985,6370
1118,6040
7104,10775
2459,10775
5659,10775
6383,6146
601,6146
5654,4917
2612,7104
8675,6384
5284,6384
3879,1218
5654,1218
1226,1218
7721,1218
7700,1218
8921,1218
2450,1218
5659,1218
8768,3396
601,1615
5654,1617
7721,1617
2450,1617
3013,1617
9981,1617
1615,6044
4223,10776
2459,10776
352,10776
5517,10776
2537,10776
342,1612
352,1612
5517,1612
1210,1612
10775,1612
6383,7136
352,7136
5517,7136
4275,7136
1621,7136
352,1611
5517,1611
8183,1611
2612,4223
8675,7736
1622,7736
352,3628
5517,3628
8183,3628
349,3628
308,3628
352,6937
5517,6937
2537,6937
5659,6937
5658,7244
9255,7244
3594,7244
1965,7244
9245,2926
9255,2926
3594,2926
1965,2926
6624,3553
604,3553
6427,3553
9255,3553
3594,3553
1965,3553
6937,6759
8976,6759
352,6761
5517,6761
9846,6761
9071,6760
352,6760
5517,6760
9846,6760
8789,6042
2459,6042
4737,6042
8789,6042
2459,6042
4737,6042
6383,9907
1077,9907
4734,9907
1621,9907
861,1626
872,1626
863,1626
3469,1626
231,1217
1366,1217
9904,1217
9255,1217
4264,1217
3594,1217
10522,1217
1965,1217
2612,8789
1208,8789
1080,8789
4376,8789
6188,8789
6747,8789
8039,8789
8029,8789
4737,8789
8675,1629
5284,1629
231,9532
8199,9532
122,9532
120,9532
5466,9532
1207,4073
861,4073
866,4073
5793,4073
10003,4073
4733,4073
4733,4073
352,3068
5517,3068
4275,3068
861,10307
872,10307
3642,10307
7748,10307
860,10307
867,10307
6729,10307
5072,10307
4206,10307
9263,10307
4392,10307
3875,10307
4737,10307
6731,10307
4734,3400
9591,3400
9467,3400
3068,3400
2141,3400
5063,7979
6894,7979
3054,7979
861,7979
7951,7979
2335,7979
5770,7979
2927,7979
8677,10777
6894,10777
3054,10777
861,10777
7980,10777
2335,10777
8820,10777
872,10777
7777,10777
7748,10777
4155,10777
6983,10777
9255,3020
3400,6379
1339,6379
6055,9710
2459,9710
5516,9710
342,6041
352,6041
4610,6041
1210,6041
6188,6041
6042,6041
6383,1608
8928,1608
1621,1608
1613,9224
1630,9224
352,3864
4610,3864
2612,6055
9196,3875
10395,4392
2155,4392
861,4392
7951,4392
9115,4392
5770,4392
2927,4392
7980,4392
8768,4392
4737,4392
5762,4392
8787,4392
4280,9467
5762,9467
8353,9467
9003,4155
6894,10304
3054,10304
861,10304
7980,10304
2335,10304
6894,7142
3054,7142
861,7142
7951,7142
2335,7142
5770,7142
2927,7142
5101,9591
5762,3533
4201,3533
5654,3533
861,8517
6983,8517
2153,8517
352,10257
4610,10257
349,10257
308,10257
5516,8391
342,8391
352,8391
4610,8391
4737,8391
861,6039
866,6039
5793,6039
4733,6039
10003,6039
2144,5065
5513,5065
352,5065
4610,5065
10392,5065
2831,5065
8391,4243
8976,4243
8754,4243
4359,4243
1080,4243
5065,2393
9071,7204
5065,7204
1627,2110
8988,3087
8874,3087
5788,3087
5759,3087
9694,3087
5762,3087
8787,3087
2144,8368
8874,8368
5788,8368
5759,8368
10392,8368
3087,9725
8976,9725
4359,9725
1080,9725
8368,2115
9071,2114
8368,2114
1627,4366
4983,4399
1310,5073
6025,5073
5800,1219
3364,1219
2541,1219
352,8165
5517,8165
2853,5070
1310,2897
3364,2897
5753,2897
6099,2897
1653,2897
8820,6762
3364,6762
2541,6762
7777,6762
5752,6762
5753,6762
6386,10311
2459,10311
8988,10311
8874,1610
5788,1610
5759,1610
1210,1610
10394,1610
7874,1610
2127,1610
6383,6369
3651,6369
886,6369
1621,6369
3364,9570
2541,9570
5800,9570
231,8866
1366,8866
236,8866
9255,8866
4264,8866
3594,8866
10522,8866
1965,8866
8874,6371
2612,6386
6742,6386
1080,6386
8988,6386
9685,6386
6747,6386
9110,6386
8675,2795
1622,2795
8952,8583
8675,6385
5284,6385
231,7724
8199,7724
122,7724
9194,7724
5466,7724
8675,4916
5291,4916
8874,8580
352,10265
4607,10265
349,10265
308,10265
5516,2805
342,2805
352,2805
4607,2805
8988,2805
5513,2113
2144,2113
352,2113
4607,2113
10392,2113
2805,3406
8976,3406
4359,3406
1080,3406
2113,7964
9071,5066
2113,5066
1627,2112
10781,6374
2459,6374
5516,6374
342,1607
352,1607
4607,1607
1210,1607
9685,1607
10311,1607
6383,4914
8928,4914
1621,4914
342,6375
352,6375
4607,6375
2612,10781
8675,3917
1622,3917
231,2701
8199,2701
3881,2701
5466,2701
1210,6751
2545,6751
1365,2080
2459,2080
322,2080
2612,1365
352,7616
4266,7616
4925,7616
4928,7616
7807,7616
7616,9916
8976,9916
5287,7841
2709,3831
7363,3983
1650,3983
3438,3983
3013,3983
2975,3983
342,8475
1210,8475
6758,7629
2459,7629
352,7629
4266,7629
4925,7629
352,2111
4266,2111
2612,6758
1692,6206
342,6769
1692,6769
1210,6769
7629,6769
1222,4228
2459,4228
352,4228
4266,4228
7187,4228
4925,4228
2612,1222
1620,4360
8268,9448
3879,6767
9495,6767
8052,6767
9448,6767
9121,6767
7503,6767
2568,6767
1141,6767
5223,6771
1365,2127
2459,2127
9495,2127
9341,2127
4359,10780
9703,9706
6802,9706
2192,9706
8044,9706
2144,2120
1075,2120
4494,2120
10392,2120
2831,2120
2119,6052
8268,6052
3092,6052
6103,2705
10526,10303
10504,10303
10780,10303
1080,10303
10069,10303
2423,10303
742,10303
2093,10303
6745,10303
7375,10303
7530,10303
5781,10303
3205,10303
3640,10303
5786,10303
6053,10303
3456,10303
3088,10303
600,10303
1342,10303
4032,10303
8499,10303
3773,10303
2351,10303
8382,10303
2328,10303
899,10303
6320,10303
4240,10303
2091,10303
7861,10303
1704,10303
5058,10303
8976,8268
2128,8268
4359,8268
1080,8268
6802,8268
2190,8268
9071,9859
10396,5069
10526,3092
6368,3092
10504,3092
9897,3092
10526,5075
1609,5075
10504,5075
1181,5075
2118,4817
5713,4817
6052,2116
9121,2116
7503,2116
5934,2116
1075,2116
9667,2116
7903,2116
10393,2116
1363,6763
4737,8184
861,8184
3665,8184
8382,8184
4691,8184
10003,8184
8338,8184
7989,8184
3428,8184
7903,8184
865,8184
5809,8184
850,8184
1342,6046
6877,2125
5781,2125
6888,2125
352,2125
5779,2125
3304,2125
10003,2125
8338,2125
865,2125
5811,2125
7626,2125
5781,2126
5779,2126
352,2126
3304,2126
10003,2126
861,2126
872,2126
9115,2126
8338,2126
865,2126
5811,2126
3640,2126
6877,9634
5781,9634
2938,9634
352,9634
5779,9634
3304,9634
10003,9634
8338,9634
865,9634
5811,9634
2553,9634
2144,2123
10003,2123
8338,2123
7989,2123
3428,2123
10392,2123
1342,2123
2831,2123
8184,2124
8268,2124
3092,2124
3879,10779
2116,10779
2141,9470
4737,4140
10003,4057
8338,4057
7989,4057
8541,4057
7903,4057
2122,5072
7503,5072
10393,5072
4140,2122
8268,2122
3092,2122
2124,4206
10772,4206
7503,4206
863,4206
10393,4206
3444,4206
5788,10302
5761,10302
5921,10302
7303,10302
6175,10302
1365,7874
2459,7874
8988,7874
2082,2083
1080,2083
6432,2083
7426,6737
4949,6737
9115,6737
9912,6737
3054,6738
899,6738
4496,6738
5119,6738
9255,6738
2343,6738
3594,6738
1965,6738
7426,10770
1080,10770
10301,10770
6432,10770
6429,10770
5124,6639
6428,4406
252,1959
4406,1959
1136,10131
2351,10131
252,10131
4406,10131
4406,1958
5468,1960
283,1960
296,1960
9045,1960
252,1960
295,1960
6099,1960
5468,1962
283,1962
296,1962
1310,10301
4983,1223
7399,1223
5078,1223
8790,1223
9761,4514
5078,4514
9547,4514
8277,6616
2589,8790
9255,8790
9196,7302
10306,9547
9255,9547
5078,2139
7302,2139
5078,4816
10321,4816
9468,4816
2145,4816
9869,9555
1080,9555
6883,5053
9662,5053
9279,5053
3154,9235
10851,9235
9115,9235
4949,9235
7297,9235
1282,9235
4949,9235
6428,2137
342,3318
352,3318
4610,3318
349,3318
7620,3318
342,3318
5770,3318
740,3318
5762,3318
731,3318
342,3318
352,3318
4610,3318
861,3318
872,3318
342,3318
3364,3318
2541,3318
5788,3318
5759,3318
5770,3318
740,3318
9255,10077
861,10077
872,10077
3594,10077
1965,10077
10003,6126
8716,6126
6443,6160
8338,5082
865,5082
5809,5082
8503,5082
861,5082
872,5082
7530,5082
5779,5082
3640,5082
5811,5082
2582,5082
9255,5082
1700,2941
342,9767
10003,9767
840,9767
7426,9767
861,9767
872,9767
6432,9767
8338,7055
865,7055
5809,7055
8503,7055
861,7055
872,7055
352,4384
4610,4384
2137,4384
3305,1227
3305,1227
5942,1955
5942,1955
231,5054
235,5054
8199,5054
4087,5054
1743,2025
1741,2025
1744,2025
1748,2025
6498,2025
1340,5052
6471,2667
4032,2667
13,2667
6468,2667
9059,2667
3594,2667
8855,2667
9255,2667
1965,2667
2593,4429
3549,4429
9183,4429
1839,4429
3446,5064
4352,5064
6427,5064
7227,4011
6765,6766
265,6766
4575,6766
8513,6766
9191,6766
9707,6766
260,6766
257,6766
8530,6766
5462,6766
3473,6766
8340,6766
5461,6766
7471,6766
254,6766
4576,6766
10078,6766
4585,6766
264,6766
4581,6766
258,6766
9178,6766
9232,6766
5454,6766
8765,6766
5460,6766
3144,6766
2592,6766
4578,6766
2997,6766
8202,6766
5479,6766
4595,6766
271,6766
7779,6766
7085,6766
7901,6766
6765,6775
265,6775
5468,6775
284,6775
0,6775
8190,6775
7227,10308
265,10308
5468,10308
8586,10308
9125,10308
6477,10308
5483,10308
3380,10308
4020,7227
7426,2138
8171,2138
4949,6770
8020,3380
7426,3006
6775,3006
6766,3006
6432,3006
9196,6731
9483,2065
8768,2065
7448,6729
9483,6729
1226,6729
12,6729
8280,6729
5287,6729
3779,6729
3013,2063
2975,2063
2256,1957
10535,1957
10318,10266
1373,10266
2258,10266
8944,10266
7426,8004
4949,8004
9196,8031
5169,8479
5079,8479
9255,8479
9950,3722
5503,9992
5504,1475
7299,1475
9255,1475
3946,3071
5076,3071
9255,3071
9442,4920
9255,4920
10373,7905
8111,7955
9950,7662
8111,6377
2005,6377
5101,1634
9442,8095
9255,8095
9196,6368
2410,9111
8414,9111
4512,9111
1512,9111
2410,6367
8414,6367
4512,6367
3132,1604
9255,1604
5101,1609
2215,6711
6051,6711
6460,6711
9255,7369
1227,1226
1951,8921
1951,8921
1955,3779
8450,10300
6056,10295
3713,4328
9255,4328
4939,4328
1688,4328
8581,4328
265,5951
5468,5951
284,5951
6427,10309
265,10309
5468,10309
284,10309
3446,10309
4352,10309
9317,10309
9059,5464
5488,5464
9255,5464
2246,5464
9255,9974
9255,10013
8301,4588
7009,1938
9255,1938
9196,2279
5101,5093
9050,9754
9255,9754
9745,10312
9255,10312
9196,6047
6957,8596
9255,8596
5101,3067
9760,7147
9115,7147
6050,7147
9255,7147
9196,10310
9760,6054
2538,6424
9255,6424
5101,3583
9196,4927
2783,1677
9255,1677
9059,1220
9610,1220
6108,1220
4078,1220
4032,1680
1340,10299
2593,4931
3549,4931
9183,4931
1839,4931
9059,4931
1684,4931
9059,9957
9881,9957
4078,9957
1684,9957
8749,9957
4032,4930
2351,8162
252,8162
296,8021
295,8021
8304,8021
8315,3253
4583,3253
2401,3253
4032,3253
5468,8567
283,8567
8499,9720
2351,9720
252,9720
1340,9163
9183,6423
1839,6423
4930,6423
1680,6423
4933,6423
2593,6426
3549,6426
3287,1094
2351,1094
4264,1094
252,1094
4032,1094
1679,1094
4933,1094
4032,8918
265,3137
5468,3137
283,3137
296,3137
252,3137
295,3137
4032,6442
7185,8726
4264,4932
252,4932
8301,10721
300,10721
302,10721
303,10721
9893,3830
245,3830
250,3830
4859,3830
6876,3830
7463,3830
1457,3830
5447,3830
5448,3830
3125,3830
7297,7184
1282,7184
2802,7184
2364,7184
3109,7184
6897,7184
2356,7184
4032,7184
7288,1648
3522,1648
8189,1646
5313,1646
2364,1646
3522,1646
8301,3366
300,3366
302,3366
303,3366
8301,10717
300,10717
302,10717
303,10717
5314,8468
859,8468
3109,8468
8950,8468
862,8468
3969,6408
3523,6408
6882,6408
2394,6408
3984,6408
7954,6408
9912,6408
734,6408
2372,6408
753,6408
9255,6408
4016,6408
8338,6408
7989,6408
4751,6408
6897,6408
7288,6408
2356,6408
2364,6408
1262,6408
9927,6408
858,6408
2394,6408
9999,6408
265,6408
4575,6408
258,6408
4980,6408
4859,6408
7878,6408
6896,6408
10533,6408
2400,6408
7922,6408
859,10783
8950,10783
862,10783
3109,3254
2369,3254
5344,1230
155,1230
5370,1230
4561,1230
5344,1230
155,1230
5404,1230
8685,1230
5350,1230
155,1230
5350,1230
155,1230
2244,2245
3960,2244
5457,2244
2720,1649
241,1649
2966,1649
243,1649
6171,1649
239,1649
4858,1649
6883,6405
244,6405
4859,6405
7878,6405
6896,6405
10533,6405
3474,6405
247,6405
9255,8254
8772,2833
8380,6815
3155,9209
10475,6049
4023,6049
9423,6049
2904,6049
6831,8134
2236,8134
3925,8134
5322,8134
9077,8134
8075,8243
7112,2907
10009,2907
4027,2907
10475,2232
1231,2232
6830,2232
7112,2232
9230,2232
5347,2232
9282,2232
3198,2232
1231,2232
1231,2232
9423,6820
5379,6820
6830,6820
8623,6820
4533,6820
3925,7473
6831,7473
2236,7473
4478,7473
4534,6814
2836,6814
4536,6814
3682,6814
5373,8792
2836,8792
69,8792
3682,8792
9293,2238
6813,2237
5379,2233
8623,2233
4564,2233
5382,2233
7068,2233
100,2233
10463,2233
4564,2755
5382,2755
7068,2755
100,2755
6831,6826
2236,6826
4533,6826
100,6826
102,6826
4023,6818
9572,8255
8623,8255
5369,8255
5386,8255
5365,8255
5347,8255
7720,8255
3622,8255
78,8255
4554,8255
8623,1231
7112,2242
76,2242
75,2242
94,2242
5146,10092
7112,8607
75,8607
83,8607
3859,9156
3925,9156
5322,9156
9077,9156
5146,10476
7112,10476
8905,10476
2836,10476
2940,4442
2241,4442
10785,9070
9070,3554
2230,6140
8124,10724
5370,10724
4561,10724
6140,10724
9675,1641
9262,10462
8124,9380
2230,9380
6399,3098
4922,3098
1641,3098
5379,10785
10462,10785
9015,9701
173,9701
5404,8891
8685,8891
5350,8891
143,8891
214,8891
5407,8891
5408,8891
207,8891
5414,8891
143,6400
8640,6400
5418,6400
4409,6400
5370,6400
4561,6400
5344,6400
2857,6400
3859,6400
143,4343
5370,4343
2662,4343
4545,4343
111,4343
2807,4343
5408,4343
207,4343
9423,7177
8124,7177
4543,7177
5370,7177
6873,7177
3042,7177
9303,7177
4554,7177
8623,7177
5383,7177
5410,7177
3859,7177
214,7177
5414,7177
3919,7177
9255,7177
5433,6402
8460,6402
5404,6402
8685,6402
7990,6402
143,1639
143,1637
8640,1637
5370,1637
5370,6398
9303,6398
8623,6398
102,6398
4258,6403
143,6954
5365,6954
5149,6954
5433,6954
8460,6954
2807,1638
9227,10317
196,10317
8623,10317
7935,10317
102,10317
4562,10317
5350,2569
2857,2569
211,2569
3859,2569
217,2569
4486,2569
4485,2569
5408,2569
5428,2569
207,2569
214,2569
5407,2569
7990,2569
8124,9734
4409,9734
5370,9734
4561,9734
9303,9734
5347,9734
4486,1234
5343,1234
5347,1234
5407,1234
5379,1643
8623,1643
5347,1643
5343,8833
5347,8833
2223,1645
3554,1645
2227,1645
4359,2223
7679,2226
2234,2226
8017,2226
7679,2226
2234,2226
8017,2226
4264,2253
5147,2253
9255,2253
3029,2524
9255,2524
3594,2524
1965,2524
9059,2524
265,2524
5456,2524
3738,2524
1699,2524
1965,2524
2860,2240
8795,2248
10322,2248
7749,2248
2247,2251
6659,2251
3118,2251
9059,6825
6829,6825
5930,6825
7781,6825
9255,6825
3594,6825
1965,6825
8020,6979
8020,7821
1681,7821
1681,2252
3594,9352
1965,9352
6456,6828
9059,6828
7032,6828
4359,3084
265,3250
5468,3250
5483,3250
6659,3250
2351,2254
252,2254
4264,4443
3287,4443
252,4443
3594,4443
1965,4443
3263,2250
9196,7807
3670,10472
9255,10472
840,5956
5101,3714
387,3588
1233,3588
9255,3588
385,1667
7403,1667
9255,1667
4934,7018
4928,7018
6410,7018
4934,6131
4928,6131
6410,6131
9196,4530
4928,4814
8047,4814
4938,4814
10466,4814
9255,4814
368,7196
7211,7196
1692,7196
4929,7196
7975,7196
4928,7196
10472,7196
3035,7196
9255,7196
1692,5267
9257,5267
7766,5267
7211,5267
4929,5267
4928,5267
10472,5267
1665,5267
9255,5267
6434,7600
4934,1232
840,6415
5523,1662
1692,1662
4938,1662
4929,1662
4921,1662
9255,1662
7975,10474
6218,10474
8204,1663
7211,1663
1692,1663
4929,1663
3035,1663
9255,1663
10466,1663
7975,3863
4929,3863
4928,10323
6414,10323
10787,10261
6410,10261
1650,10261
3438,10261
6414,10261
368,1666
7211,1666
1692,1666
4929,1666
7975,1666
4928,1666
10472,1666
1671,1666
9255,1666
6434,2888
4934,6005
7975,6411
6218,6411
7975,10527
4929,10527
4928,6418
6414,6418
10787,1664
4938,1664
9196,2256
6823,10491
3898,10491
5101,5278
3484,10535
9119,4444
1342,3920
1340,3920
10532,10789
8341,10789
8844,10789
6573,10789
10532,3105
8341,3105
8844,3105
6573,3105
10532,2298
8341,2298
8844,2298
6573,2298
5466,2914
8642,2914
3327,2914
120,2914
9194,2914
5466,2688
120,2688
9423,2688
170,2688
9194,2688
2594,2688
9407,2688
4511,2301
7751,2301
4513,1200
7751,1200
202,7186
6585,9590
1075,10108
4512,10108
5455,10108
3881,10108
5404,10108
8685,10108
4303,10108
3520,10108
7904,2300
2681,1241
1004,1241
1004,2648
2681,2648
8775,9158
5024,9158
6027,9158
1982,9158
4359,9158
4359,8267
5038,8267
1183,8267
8414,8267
5001,8267
9698,8267
4359,3171
5001,9835
6577,9835
8515,9835
4414,1242
8414,1242
3520,1242
4512,1242
7903,1242
8414,2285
4512,2285
3139,2285
6845,2285
9749,2292
2332,2292
2330,2292
9771,2292
1126,9184
4523,9184
1928,9184
4894,9184
2495,9184
2495,9184
1126,3565
4523,3565
1928,3565
763,3565
2749,3565
2802,3565
5743,3565
7477,3565
1469,3565
8414,3565
4512,3565
830,3565
5042,3565
9255,3565
3704,2294
1474,2294
7956,2294
7440,2294
8746,2294
7405,2294
1126,2294
1126,8067
4523,8067
1928,8067
763,8067
9698,8067
4092,8067
8414,10037
4349,10037
1913,10037
5088,10037
4104,10037
6525,10037
4523,10037
5225,10037
5001,10037
10532,6199
2852,6199
6730,6199
8341,6199
2318,6199
8844,6199
2842,6199
9322,6199
2026,10791
4949,10791
4137,4092
4949,4092
4463,2741
4949,2741
6863,8887
5937,8887
9669,8887
9365,8887
6328,8887
6322,8887
9175,8887
10075,8887
9732,8887
9255,8887
3594,8887
1965,8887
5001,3037
4512,3037
6863,3037
3594,3037
1965,3037
2293,1237
1526,1237
3589,1237
6064,1237
2351,2281
8499,2281
6802,2281
6806,2281
4287,2281
6879,2281
3514,2281
6103,2281
2466,2281
7755,2281
6858,2281
6859,2281
2303,2281
5001,2281
1988,2281
9436,2281
7472,2281
265,10794
5123,10794
269,10794
268,10794
1644,10794
4287,10794
4831,10794
6804,10794
2691,10794
4032,10794
5227,4177
265,4177
5123,4177
269,4177
268,4177
4032,4177
6103,8040
4446,6841
4075,5089
1360,2406
8651,1236
4163,1236
1126,1236
4512,4162
4287,4162
6879,4162
9804,7457
3640,7457
9473,7457
4355,4446
2283,4446
7490,4446
5090,4446
1987,4446
3520,4446
2563,4446
4512,4446
3185,4075
6845,4075
2448,4075
4512,4075
7903,6836
3139,8572
1692,6837
9472,6837
5249,6837
1499,6837
7987,2282
7187,2282
4925,2282
9144,2291
8289,2291
9196,5090
4987,10792
9877,10792
2288,4125
1990,2290
4359,8560
1080,8560
5101,3185
1852,1243
6667,1243
2287,1243
4163,2877
5088,2877
4104,2877
5037,2877
1774,2877
9435,2877
8217,2877
6852,6156
8217,6156
2500,6156
4163,2287
5037,2287
4425,2287
6683,2287
3611,2287
8217,2287
1774,2287
37,2287
6668,2287
3515,2288
3443,9877
8838,4363
10119,4363
2543,4363
2794,4363
6920,4363
1993,6945
6666,6945
6156,6945
7762,6945
1993,4139
6666,4139
8632,4139
7762,4139
6851,2302
7755,7551
8149,7922
265,7922
4575,7922
5454,7922
6528,7922
9232,7922
9178,7922
8765,7922
5460,7922
2592,7922
3144,7922
8149,3850
1875,3850
31,2310
3798,2310
5785,2310
1248,2310
10329,9295
1889,9295
1932,9295
7922,9295
3850,9295
6529,9295
2309,9295
2837,9295
1823,9295
8080,9295
4032,9295
2817,8379
2817,2466
328,2466
3805,8569
2491,8569
9295,8569
2351,8569
8499,8569
8286,9617
2351,9617
8499,9617
8776,8044
9997,2803
2193,8148
2437,8148
3175,8148
7549,8148
10793,8286
9577,8286
8582,8286
2995,8286
8907,8286
4032,8286
10093,9006
10093,6856
1886,6856
9603,6856
8826,6856
1888,6856
2523,6856
5001,8358
10532,8358
8006,8358
6791,8358
6585,8358
8006,6853
2170,6853
8341,6853
8615,6853
3483,6853
6849,6853
6152,6853
1636,6853
7325,6853
3032,6853
6791,6853
8107,6853
2179,6853
9142,6853
4026,6853
4825,6853
2187,6853
2186,6853
7138,6853
2561,6853
2183,6853
1642,6853
6785,6853
10315,6853
6139,6853
1644,6853
7344,6853
6804,6853
6807,6853
4403,6853
2189,6853
6812,6853
8710,6853
2873,6853
6060,6853
2178,6853
2637,6853
7378,6853
2889,6853
8871,6853
5924,6853
9255,6853
2654,8217
4398,8217
2654,6852
2654,2308
43,2309
4104,6855
3064,1126
4520,10793
9196,2317
8233,9142
4616,6843
3636,2320
4367,8615
7953,3483
7659,3791
9255,3791
5476,4026
7357,6857
5101,2322
4599,2316
4597,9559
9475,5092
2517,5092
9255,5092
3291,8844
5480,4012
5477,6173
1245,3077
9288,3077
9542,3077
2163,1246
3677,1246
2181,1246
2163,1246
3677,1246
2181,1246
9196,2315
9804,9330
3088,9330
4737,9330
7807,10795
4512,4823
6781,4823
6950,4823
3789,4823
9816,4823
4512,8236
6783,8236
5080,8236
4512,2313
7903,2313
4287,2313
6879,2313
4724,2313
7515,2313
5101,4220
3139,2311
4287,2311
6879,2311
4723,2311
4512,8974
10532,2314
1636,2314
7325,2314
9261,2314
4968,2314
10532,2314
1636,2314
7325,2314
1343,2314
9261,2314
4968,2314
1864,7370
7414,4829
894,7559
1864,4063
3181,4063
6214,10399
4724,10399
7515,10399
7807,10399
7515,1249
3714,1249
4985,1249
4723,1249
3197,2321
2563,3520
9196,3520
2315,3520
8175,7966
20,7429
1864,7429
2394,7429
7936,7429
6569,7696
8236,7696
8175,7696
4287,2306
6879,2306
1343,2306
2312,6850
5001,10790
5001,6147
1864,8506
4287,8506
3514,8506
1829,8506
6580,8506
3319,8506
9632,8506
8006,6847
6789,6847
1636,6847
3044,6847
8341,6847
2317,6847
6103,2304
2938,2304
1644,2304
6804,2304
7344,2304
8341,2304
8615,2304
5092,2304
3483,2304
6573,2304
1749,6846
1865,6846
4287,6846
6879,6846
6571,6846
8341,7982
3483,7982
5092,7982
1810,7982
6481,7982
39,7982
5937,7982
5939,7982
6573,7982
4287,4309
6879,4309
1343,4309
3319,4309
1644,4309
4403,4309
2600,4309
7843,4309
3102,4309
2448,6845
5101,6845
4220,6845
8006,6833
5339,6833
1636,6833
2169,6833
8341,6833
2322,6833
2666,4511
5001,4511
6853,4511
9733,4513
744,4513
4287,4513
6879,4513
1865,4513
6571,4513
2456,4513
4252,4513
3234,4513
9255,4513
3514,4513
48,4513
6581,4513
2654,4513
10329,4513
6601,4513
8836,4513
2666,4513
5001,4513
6853,4513
8974,4513
3365,4513
4449,4513
8452,6854
39,6854
1636,6832
7325,6832
9261,6832
4968,6832
1864,2307
3162,2307
7163,2303
1865,2303
4823,2303
8358,2303
7618,2303
6103,2303
1864,2303
1644,2303
6804,2303
2691,2303
10101,2305
5001,6064
5001,6851
1865,6851
1761,6851
5001,3269
7305,3269
6615,3269
47,3269
10532,3269
8341,3269
3483,3269
5092,3269
1866,3269
2699,3269
1881,3269
5001,7366
1866,7366
53,7366
1871,7366
5001,8708
10532,8708
8341,8708
9142,8708
6585,8708
6849,9542
6152,9542
4825,9542
6197,9542
8107,1245
2179,1245
2186,1245
7138,1245
2187,1245
4204,1245
1253,1245
3226,1245
2561,9288
10315,9288
2183,9288
1934,9288
2005,2792
8111,2792
2962,6061
2005,6061
9950,6061
2005,2191
9950,2191
4736,1250
6882,1250
899,1250
9804,1250
3088,1250
2328,1250
899,1250
7958,1250
8006,1250
3320,1250
2449,1250
9346,1250
9115,1250
9535,1250
898,1250
31,2437
10513,2437
2599,2437
5765,9514
2328,9514
9115,9514
3088,9514
899,9514
2201,9514
3640,9514
861,9514
872,9514
1332,9514
1338,9514
7928,9514
5787,2719
9923,2719
756,2719
8262,2719
743,2198
9473,2198
9649,2198
5787,2198
4696,2198
2792,2198
8215,2198
9659,2198
2351,2198
2351,7521
8499,7521
1338,7521
7928,7521
6061,7521
2397,7521
6480,7521
2191,7521
3962,7521
1338,7521
6480,7521
9804,8158
3088,8158
861,8158
872,8158
2328,8158
9115,8158
2201,8158
1332,8158
1338,8158
7928,8158
10513,2193
2599,2193
8006,2193
3032,2193
3273,2193
9804,2193
9659,2193
8262,2193
31,2193
9804,7543
2553,7543
7626,7543
3640,7543
1338,7543
7928,7543
9196,2190
4008,7472
9255,7472
5101,3243
9726,6806
9255,6806
10513,7549
2599,7549
9764,7549
8262,7549
31,7549
6882,2197
9115,2197
2201,2197
265,2197
4575,2197
5462,2197
1332,2197
9504,9649
4032,9649
10848,5087
265,5087
4575,5087
3473,5087
1332,5087
265,1248
4575,1248
261,1248
6816,1248
262,1248
2830,1248
2792,1248
6061,1248
1338,1248
6480,1248
4504,1248
2191,1248
3962,1248
6480,1248
7928,1248
265,1248
4575,1248
261,1248
8604,1248
262,1248
7653,1248
265,8262
4575,8262
5463,8262
7515,6810
1650,6810
1338,6810
6480,6810
2397,6810
7928,6810
265,6066
4575,6066
10078,6066
1332,6066
4576,6066
4585,6066
265,2488
4575,2488
264,2488
1332,2488
265,4416
4575,4416
254,4416
1332,4416
7560,4416
5736,4416
2749,4416
7471,4416
2749,8092
830,8092
830,6811
5743,6811
868,6811
4736,6811
7428,6811
7560,6801
830,6801
7854,6808
10850,6808
8006,6808
8871,6808
265,6808
4575,6808
1302,6808
7487,6808
830,6808
264,6808
1332,6808
10078,6808
2749,6808
8300,6808
8300,9504
5757,6809
7793,6809
8264,6809
8153,6809
826,8796
7328,8796
7984,8796
830,8796
2947,8796
5306,8102
2468,8102
265,2196
4575,2196
8340,2196
10078,2196
4585,2196
4581,2196
2441,2196
5461,2196
4576,2196
4180,2195
826,2195
2468,2195
2947,2195
830,2195
875,6799
2468,6799
2749,9348
826,6800
5306,6800
875,6800
7328,6800
826,2676
2468,2200
5306,4827
8535,4827
882,4827
2468,7937
5306,7937
5743,2824
868,2824
4736,2824
3054,2824
899,2824
2201,2824
7487,9606
5306,9606
1302,9606
830,6058
2749,6058
10513,3175
2599,3175
7906,3175
8262,3175
31,3175
10512,4126
10532,4126
1644,4126
6065,4126
10532,6395
1644,6395
10021,6395
9305,6407
3175,6407
1888,6407
10793,6407
8175,1252
10532,6782
1636,6782
7103,6782
6795,6782
6579,6782
6583,7618
4845,10061
9500,10061
4949,10061
3162,8758
9877,2158
1749,2158
4363,2158
8651,2158
4163,2158
4837,2158
2288,2158
10532,2157
1644,2157
6807,2157
2189,2157
6521,2157
6854,2157
10532,2157
1644,2157
6807,2157
2189,2157
6521,2157
39,2157
10532,2159
8341,2159
6857,2159
6443,2159
9235,2156
9255,2156
10851,2156
3594,2156
1965,2156
9235,2156
9255,2156
3594,2156
1965,2156
7297,3154
1282,3154
9255,3154
10851,3154
3594,3154
1965,3154
2394,7778
9301,7778
2400,7778
4463,7778
4949,7778
2022,7778
8845,7778
8073,7778
9698,8746
4949,8746
4137,3179
10259,3179
9473,6779
5765,6779
2394,6779
9999,6779
4976,6779
9260,6779
3289,6779
33,6779
2400,6779
3306,6779
3805,6779
8149,6779
4468,6779
2491,6779
8073,6779
5787,7466
9923,7466
9566,7466
9473,7466
8271,7466
4696,7466
760,7466
7900,10542
4978,10542
10100,2677
8175,2677
7667,2677
9473,2677
6882,2677
9193,2677
1866,2677
751,2677
53,2677
9804,2677
2328,2677
9193,2677
1866,2677
53,2677
8175,2677
6863,10796
5088,2199
4104,2199
10513,2199
9804,10801
3640,10801
3640,5219
3640,2876
5765,2213
3640,2213
2202,9612
4904,9612
1483,9612
6643,9612
3561,9612
9908,9612
8414,9612
2683,9612
1126,4471
1928,4471
9698,4471
9804,4471
3088,4471
8338,4471
7989,4471
937,4471
10796,4471
10545,4471
8414,4471
9358,4471
2553,4471
10111,4471
5219,4471
1080,4471
10801,4471
2848,4471
2199,4471
6803,4471
4894,4471
1481,4471
3640,4471
2328,4471
899,4471
8382,4471
10800,4471
9624,4471
3272,4471
6976,4471
2206,2214
1080,2214
9273,2214
6817,2214
4302,2214
9891,2214
7869,10545
1080,10545
9698,10545
8414,10545
4512,10545
10802,10545
2210,9358
1080,9358
8350,9358
6850,9358
9687,9358
1126,9358
5765,9358
7697,9358
9804,9358
3773,9358
9849,9358
9698,2848
4904,2848
1511,2848
2211,2848
1080,2848
8414,2848
3567,2848
6850,2848
1126,2217
763,2217
2205,2217
1080,2217
2199,2217
6803,2217
769,2659
3088,2659
8338,2659
7989,2659
937,2659
9698,2659
10796,2659
5736,7190
7601,7190
830,7190
3054,7190
7717,7190
10062,7190
4497,7190
10111,2219
8783,2219
5757,2219
9698,2219
9660,2219
7793,2219
3294,2219
8338,2219
8058,2219
8507,2219
1126,7925
5765,7925
10111,7925
8414,7925
4512,7925
7375,7925
9698,7925
2876,7925
1080,7925
1126,3785
10111,3785
8783,3785
2749,3785
5757,3785
8338,3785
9242,3785
5736,3785
2221,5220
9255,5220
10111,5220
8783,5220
7920,5220
4180,5220
9698,5220
4074,5220
4440,5220
2231,5220
5765,2597
3088,2597
8338,2597
7989,2597
937,2597
9698,2597
10796,2597
5716,5288
1928,9206
1126,9206
763,9206
4187,9206
10545,9206
8414,9206
9358,9206
9997,9206
8036,9206
8274,9206
2220,9206
5286,9206
2848,9206
2217,9206
9698,9206
6201,9206
1080,9206
8798,9206
10111,2218
8414,2218
4512,2218
7375,2218
5782,2218
9340,4187
830,4187
3725,4187
1928,4187
1126,4187
763,4187
4894,4187
1481,4187
10105,4187
4472,4187
4904,4187
1465,4187
9800,4187
4736,4187
5306,7846
2468,7846
875,7846
7345,7690
9255,7690
2749,2216
7345,2216
9255,2216
5306,8823
875,8823
10105,8712
2650,8712
3054,8712
666,8712
2749,7809
10105,7809
2650,7809
3054,7809
666,7809
5306,10547
7328,10547
2468,10547
1346,10547
1693,10547
1126,5286
4468,5286
9698,5286
8414,5286
9034,5286
1080,5286
8149,5286
2351,5286
8499,5286
2204,5286
8414,8798
10532,8798
4894,8798
3403,8798
9649,8798
2351,8798
1126,8798
1481,8798
4736,8798
6882,8798
899,8798
8382,8798
10800,8798
1080,8798
9624,8798
3272,8798
6976,8798
3916,8798
2221,8798
9255,8798
9698,8798
10797,8798
4512,8798
2207,8798
2208,8798
5222,7601
7560,7601
2802,2221
6406,2221
7184,2221
2351,2221
8499,2221
1966,2221
6657,2221
8499,2220
9698,2220
10111,2220
5219,2220
1080,2220
10062,4497
8565,8707
1080,8707
8223,8707
9612,5285
1126,5285
4471,5285
9206,5285
9698,5285
8414,5285
4512,5285
8707,5285
2214,5285
1126,1255
9473,1255
4736,1255
6882,1255
899,1255
9624,1255
751,1255
3272,1255
638,1255
898,1255
9115,1255
642,1255
7870,1255
3463,1255
10101,1255
9804,1255
3088,1255
2328,1255
899,1255
9624,1255
3272,1255
642,1255
7870,1255
3463,1255
10101,1255
8175,1255
8175,1255
8175,2729
9804,2203
2328,2203
898,2203
265,2203
4578,2203
2997,2203
3463,2203
751,2203
265,2203
4578,2203
2997,2203
3463,2203
1126,2203
3319,2203
2600,2203
10532,2203
1644,2203
7344,2203
1866,2203
6573,2203
9473,2203
6882,2203
898,2203
8175,2203
898,2203
2677,2203
1126,9538
8061,2164
9255,2164
5482,4825
287,7994
2474,9329
9196,6789
9196,6789
4615,2170
8810,3032
5481,6791
5171,8871
5101,5339
5101,5339
4597,6792
3667,6793
9717,6793
9255,6793
4614,2172
6215,2172
9255,2172
3196,6794
9255,6794
4609,2167
9361,2167
9255,2167
9196,3044
5471,7325
9792,6796
3036,7103
9255,7103
3811,6795
5101,2169
280,2177
10805,2177
9255,2177
281,6143
9067,6143
9255,6143
282,2175
3889,2175
9255,2175
288,9650
10314,9650
9255,9650
5471,3656
4602,7888
9255,7888
286,2187
2969,2186
4598,7138
4591,4204
8343,1253
9255,1253
8649,2182
9297,2185
5473,7648
7826,2643
9143,2188
9655,4207
4613,6790
9255,6790
4612,8710
291,2889
2603,6787
6996,2166
5474,2165
2511,2183
8034,6189
9255,6189
290,9556
9255,9556
4601,2184
9724,9030
289,10110
9196,6065
278,7344
279,6804
4326,6807
5475,2189
7839,6812
5101,10021
4594,2691
4474,2691
9255,2691
8473,7407
5470,6798
3055,6798
9255,6798
4454,4361
9255,4361
3915,4169
5472,6805
7852,6805
9255,6805
9196,2176
8571,6060
4592,2178
9517,2637
9783,7378
5101,2174
10033,6797
2171,6797
9255,6797
3313,2173
2168,2173
9255,2173
2418,2180
6934,2180
9255,2180
7318,7057
6788,7057
9255,7057
6782,6781
10532,6781
1636,6781
3044,6781
1644,6781
6065,6781
10532,6783
1636,6783
2169,6783
1644,6783
10021,6783
6583,1254
6585,1254
10532,3453
1636,3453
7103,3453
6782,3453
10532,6950
8006,6950
6789,6950
10532,5080
8006,5080
5339,5080
10532,7814
3403,7814
9804,3527
850,3527
9804,9671
9309,9671
8414,9614
8175,9614
7523,9614
5081,9614
10532,4224
3403,4224
2160,4224
5084,4224
3717,4224
3593,4224
9620,4224
2162,4224
3344,4224
3621,4224
7212,4224
5765,10804
850,10804
3088,10804
4737,10804
743,10804
6214,10804
9473,10804
8941,10804
8300,10804
5740,10804
878,10804
7515,10804
7807,10804
9064,10804
10105,10804
671,10804
5651,10804
10532,10804
8006,10804
6789,10804
7920,10804
3776,10804
5765,6068
9309,6068
3088,6068
4734,6068
9473,6068
857,6068
7515,6068
3714,6068
9064,6068
10105,6068
9229,6068
9684,6068
10532,6068
8006,6068
5339,6068
3197,6063
6585,6063
3197,2996
6585,2996
3197,6786
6585,6786
3197,7271
6585,7271
3197,2161
6585,2161
3197,3857
6585,3857
3197,6784
6585,6784
10851,2477
2329,2477
9709,2477
9912,2477
5088,2477
3197,2477
6593,2477
265,6394
5456,6394
8563,6394
3054,6394
9271,6394
1247,6394
8341,6394
8844,6394
54,6394
8723,6394
5257,6394
9023,6394
928,6394
8063,6394
4751,6394
7755,6394
922,6394
4740,6394
5741,6394
8950,6394
813,6394
907,6394
1044,6394
9999,6394
2437,6394
1888,6394
10793,6394
907,6394
9260,6394
2600,6394
10787,6394
4282,6394
7897,6394
907,6394
2400,6394
31,6394
1889,6394
2309,6394
2303,6394
910,6393
9012,6393
7755,6393
2303,6393
4287,8068
6879,8068
4512,8068
2394,8068
2400,8068
4032,8068
6583,1640
4845,1635
1126,4342
2394,6404
4287,6404
3514,6404
8845,6404
2307,10716
6492,10716
4512,10716
2938,10716
1749,10716
9193,10716
1126,10716
3319,10716
1246,1247
2194,1247
2544,1247
3656,1247
8663,1247
4826,1247
1246,1247
2194,1247
2544,1247
3656,1247
8663,1247
4826,1247
1247,9012
8341,9012
8844,9012
4093,8996
2487,8996
4093,6069
2487,6069
6112,1681
4939,1681
9893,1256
1262,1256
9912,1256
9662,6292
10326,6292
6077,6292
10036,6292
5311,6292
6896,6292
10533,6292
4110,10091
5125,6077
1936,4885
2550,4885
1936,4897
6625,1460
3301,1460
8767,1460
8389,1460
2982,1460
1931,1460
4882,1460
7208,1460
6078,1460
1931,1460
4882,8478
1458,8478
1697,6276
2351,6276
6440,6276
8499,6276
9112,6276
2508,6276
5108,6276
10331,1459
10263,1459
2508,1459
5108,1459
4032,10313
8189,10313
2838,10313
8415,10313
5313,10313
10331,10313
2364,10313
3109,10313
2508,10313
5108,10313
10263,7624
9662,7624
4883,7624
8189,7624
5313,7624
2364,7624
3109,7624
2351,7624
9112,7624
10514,7810
4110,6072
5125,2508
6897,10263
3109,10263
2356,10263
2364,10263
6623,7195
6621,9867
4426,9867
6623,1356
2369,9105
2369,7384
8965,4115
4351,4390
7127,4390
2364,9653
3109,9653
9105,9653
6626,9653
5314,9653
10332,9653
4426,9653
5271,9653
6621,9653
10324,9653
6629,9653
7087,9653
1358,9653
8965,7274
7288,1461
3109,1461
4426,1461
3054,1461
7384,1461
7288,4895
3109,4895
4426,4895
5271,7799
3109,4892
1358,4892
6897,4893
7288,4893
2356,4893
6897,10000
7288,10000
2356,10000
6897,1462
7288,1462
2356,1462
6897,6291
7288,6291
2356,6291
6897,3867
2356,3867
2364,3867
3109,3867
9105,3867
5271,3867
6629,3867
6897,5245
2356,5245
2364,5245
3109,5245
1358,5245
9653,5245
9105,5245
6629,5245
6897,9446
2356,9446
2364,9446
3109,9446
1358,9446
9105,9446
6629,9446
1461,5113
1356,5113
6621,5113
4426,5113
9867,5113
6897,2554
2364,2554
3109,2554
9105,2554
4895,2554
6629,2554
8965,1463
2673,2834
6897,2502
2364,2502
3109,2502
9105,2502
4895,2502
1461,2502
3517,2502
6629,2502
10471,2502
1358,2502
8965,10465
6628,3623
6623,3623
4351,3623
9931,3623
6622,3623
9438,3623
1937,3623
6620,3623
8668,3623
1933,3623
2673,3623
6622,3623
1461,2530
6897,9244
2364,9244
7288,9244
3109,9244
1358,9244
1461,9244
10471,9244
6629,9244
1358,9244
4895,9244
6897,8630
2364,8630
3109,8630
9105,8630
4895,8630
1461,8630
6629,8630
6623,8630
8965,9953
2364,4118
3109,4118
9105,4118
6629,4118
8965,9994
7954,1935
6292,1935
6620,6617
2982,6617
1257,8589
4897,8589
1262,8442
2364,8442
3109,8442
9105,1358
2364,6629
3109,6629
6628,6629
4885,1257
6196,10328
7997,10328
10470,10807
6196,1946
2351,1946
1944,1946
7997,1946
9018,1946
8499,1946
1941,7041
9715,7041
3134,7041
1943,7041
10341,7041
6079,7041
1949,7041
2351,1942
8499,1942
1943,1942
6631,1942
5028,1942
2351,10339
1941,10339
1949,10339
6638,10339
1262,10339
6079,10339
8499,10339
1943,10339
2372,10339
6882,10339
1367,8138
1367,7450
9682,6073
6289,7329
6301,7329
7462,7329
7992,7329
5239,7329
9534,7329
1367,4316
6289,4316
6301,4316
7462,4316
7992,4316
5239,4316
9534,4316
2439,10719
6301,10719
7462,10719
7992,10719
5239,10719
9534,10719
1468,8022
7992,8022
5239,8022
9534,8022
7462,8022
6301,8022
2434,3310
7462,3310
6301,3310
1468,3310
8600,2772
7462,2772
6301,2772
1468,2772
2414,1466
7462,1466
6301,1466
7992,1466
2482,10557
7462,10557
6301,10557
7992,10557
7462,8859
7992,8859
5239,8859
9534,8859
7954,4526
6635,4526
1367,4526
7101,4526
10807,4526
6287,4526
6882,4526
4134,4526
3246,4526
4032,4526
10340,4526
1942,4526
6897,6290
7288,6290
3109,6290
2439,6290
2364,6290
2414,6290
4032,6290
2356,6290
2439,8247
2362,8247
9153,8247
7462,8247
2482,8247
6162,8247
4032,8247
2439,8101
2364,8101
3109,8101
2414,8101
4032,8101
6897,1467
7288,1467
3109,1467
2439,1467
2364,1467
2414,1467
4032,1467
2356,1467
7101,6288
6897,3516
2356,3516
2364,3516
7288,3516
3109,3516
2439,3516
1464,3516
2414,3516
10337,3516
2434,3516
4032,3516
6897,6304
2356,6304
2364,6304
7288,6304
3109,6304
2439,6304
1464,6304
2414,6304
1464,6304
10337,6304
2434,6304
4032,6304
6897,1258
7288,1258
2356,1258
5314,1258
2364,1258
3109,1258
2439,1258
2414,1258
4032,1258
6897,8064
7288,8064
3109,8064
1464,8064
2439,8064
10337,8064
4032,8064
6897,9103
3109,9103
2356,9103
2439,9103
2364,9103
2414,9103
4032,9103
2439,6300
2364,6300
3109,6300
2414,6300
4032,6300
6897,3747
3109,3747
2356,3747
2439,3747
2364,3747
2414,3747
4032,3747
6893,4214
4068,4214
2324,4214
8114,4214
8984,4214
2357,4214
2355,4214
5127,4214
2358,4214
8453,4214
3405,4214
2360,4214
10756,4214
2363,4214
2367,4214
1262,4214
9912,4214
10809,4214
1381,4214
4858,4214
7266,4214
4879,1451
1266,1451
1453,1451
6282,10469
8116,1266
10467,1446
7668,1446
1453,1446
3113,1446
1265,1446
9279,1446
7169,1446
8116,1446
1447,1446
6897,4335
2356,4335
2351,4335
2364,4335
5314,4335
8499,4335
3109,4335
6897,8188
2356,8188
2351,8188
8499,8188
2364,8188
3109,8188
5314,8188
6897,6268
2351,6268
8499,6268
2364,6268
3109,6268
5314,6268
6897,3066
2356,3066
2351,3066
8499,3066
5314,3066
2364,3066
3109,3066
6897,9833
2356,9833
2351,9833
8499,9833
2364,9833
3109,9833
5314,9833
8189,8631
6897,7444
8499,7444
2364,7444
7288,7444
3109,7444
6897,1264
2351,1264
2364,1264
3109,1264
5314,1264
8499,1264
4864,1264
6897,6281
2356,6281
2351,6281
8499,6281
2364,6281
3109,6281
5314,6281
6897,4886
2356,4886
2351,4886
8499,4886
2364,4886
3109,4886
5314,4886
6897,3757
2356,3757
2351,3757
8499,3757
2364,3757
3109,3757
5314,3757
6897,8248
2364,8248
2351,8248
5314,8248
8499,8248
4250,8248
9037,8248
6897,8167
2351,8167
8499,8167
2364,8167
3109,8167
5314,8167
6897,6285
2356,6285
2351,6285
2364,6285
5314,6285
8499,6285
3109,6285
2364,4876
3109,4876
6897,1448
2356,1448
2351,1448
8499,1448
2364,1448
3109,1448
5314,1448
7288,4411
3109,4411
4032,4411
4864,1450
4864,8266
4864,9565
4877,7260
4250,2811
6277,1449
10847,6282
7580,4864
1856,4250
2355,4884
1262,9395
4110,7266
5311,8982
9395,8982
10533,8982
6896,8982
3054,2355
3054,5127
10124,7534
2361,7534
3054,6893
3054,2358
3054,8453
3054,2324
3054,8114
3054,3405
3054,2360
3054,2357
10124,2357
8550,6070
2376,6070
10808,6070
3054,10756
3054,8984
3054,4068
3054,2363
10124,1371
3054,8090
10124,8090
3054,8927
10124,8927
3054,2367
2369,3783
9927,3601
6897,3601
7288,3601
3609,6919
3609,2365
3609,2362
9927,5317
7288,3522
7288,3534
3109,3534
9927,2371
6882,8240
9912,8240
9912,2372
3054,2372
9912,2370
3054,2370
2373,3694
3509,9927
2375,8747
9995,10124
9115,9279
3509,9279
5314,9279
7210,5314
2374,3109
7328,3109
4032,2366
1262,9222
9912,9222
1345,9199
10848,1261
2734,1261
8394,4857
9771,4857
2363,4857
2355,4857
4068,4857
8394,3952
9771,3952
2363,3952
4068,3952
8394,8511
9771,8511
4068,8511
2355,8511
8394,2880
9771,2880
2355,2880
4068,2880
8394,5136
2358,5136
5127,5136
2363,5136
4032,5136
2355,5136
8394,3610
5127,3610
2363,3610
6893,3610
2355,3610
2358,3610
10756,3610
4032,3610
9771,2386
5306,2386
7328,2386
10848,2386
6882,2386
2734,2386
8394,1384
2358,1384
10756,1384
5127,1384
4032,1384
4032,3662
8394,2669
4032,2669
2358,2669
5127,2669
8394,6917
5127,6917
2358,6917
6893,6917
2367,6917
2363,6917
10756,6917
4032,6917
8394,8646
2358,8646
5127,8646
4032,8646
8394,10335
5127,10335
2363,10335
2358,10335
6893,10335
2367,10335
10756,10335
4032,10335
4032,8701
8394,6916
2358,6916
10756,6916
5127,6916
4032,6916
8394,4332
5127,4332
6893,4332
2363,4332
2358,4332
10756,4332
4032,4332
8394,8614
2358,8614
10756,8614
5127,8614
4032,8614
9771,1271
7328,1271
5306,1271
2734,1271
4032,1271
10848,1271
8394,6219
2358,6219
6893,6219
2363,6219
2355,6219
5127,6219
4032,6219
8394,6155
2355,6155
5127,6155
4032,6155
8394,2389
2358,2389
5127,2389
2355,2389
4032,2389
8394,3605
2358,3605
5127,3605
2355,3605
4032,3605
8394,8053
2355,8053
5127,8053
4032,8053
8394,6203
2358,6203
10756,6203
5127,6203
2355,6203
4032,6203
8394,10810
2358,10810
10756,10810
5127,10810
2355,10810
4032,10810
8394,6144
4068,6144
2358,6144
6893,6144
2363,6144
2355,6144
5127,6144
4032,6144
8394,7438
4068,7438
2355,7438
5127,7438
4032,7438
8394,10488
4068,10488
2358,10488
5127,10488
2355,10488
4032,10488
8394,10546
4068,10546
2358,10546
5127,10546
2355,10546
4032,10546
8394,4313
4068,4313
2355,4313
5127,4313
4032,4313
8394,4037
4068,4037
2358,4037
10756,4037
5127,4037
2355,4037
4032,4037
8394,10342
4068,10342
2358,10342
10756,10342
5127,10342
2355,10342
4032,10342
8394,10508
2358,10508
6893,10508
2363,10508
2355,10508
5127,10508
4068,10508
4032,10508
8394,10506
2355,10506
5127,10506
4068,10506
4032,10506
8394,1259
2358,1259
5127,1259
2355,1259
4068,1259
4032,1259
8394,10507
2358,10507
5127,10507
2355,10507
4068,10507
4032,10507
8394,1263
2355,1263
5127,1263
4068,1263
4032,1263
8394,7582
2358,7582
10756,7582
5127,7582
2355,7582
4068,7582
4032,7582
8394,3010
2358,3010
10756,3010
5127,3010
2355,3010
4068,3010
4032,3010
10376,6081
7277,6081
10376,6224
7277,6224
10376,3460
7277,3460
8240,7277
2357,7277
8240,3072
10848,3072
6882,3072
9912,3072
5134,3072
10376,8408
7277,8408
10376,1268
10848,1268
7277,1268
10376,4049
7277,4049
10376,10811
7277,10811
10376,8773
7277,8773
10376,6904
7277,6904
10376,5315
7277,5315
10376,1383
7277,1383
10376,8612
7277,8612
2358,8635
6893,8635
10455,8635
5127,9122
2358,9122
6893,9122
10376,9822
7277,9822
10376,10142
7277,10142
10376,9743
7277,9743
10376,3763
7277,3763
10376,10398
7277,10398
10376,3933
7277,3933
10376,7655
7277,7655
10376,3172
7277,3172
10376,5131
7277,5131
10376,10563
7277,10563
10376,10011
7277,10011
10376,6901
7277,6901
10376,2383
7277,2383
10376,10562
7277,10562
10376,2633
7277,2633
10376,10558
7277,10558
10376,7887
7277,7887
10376,5309
7277,5309
10848,3891
10376,3891
7277,3891
10376,9955
7277,9955
10376,1272
7277,1272
10376,5319
7277,5319
10376,5132
7277,5132
10376,1269
7277,1269
10848,8794
10376,8794
7277,8794
10376,3257
7277,3257
10376,10521
7277,10521
10376,9774
7277,9774
10376,7451
7277,7451
10376,9456
7277,9456
10376,5129
7277,5129
10376,7149
7277,7149
10376,3261
7277,3261
10848,3245
10376,3245
7277,3245
10376,2432
7277,2432
10376,10571
7277,10571
10376,10812
7277,10812
10848,6910
10376,6910
7277,6910
10376,7397
7277,7397
10376,5100
7277,5100
10848,10509
10376,10509
7277,10509
10376,1267
7277,1267
10376,9586
7277,9586
10376,6914
7277,6914
10376,9124
7277,9124
10376,10406
7277,10406
10376,8880
7277,8880
10376,3828
7277,3828
10376,5130
7277,5130
10376,2379
7277,2379
10376,2399
7277,2399
10376,7578
7277,7578
10376,10568
7277,10568
10376,9187
7277,9187
10376,7100
7277,7100
10376,7281
7277,7281
10848,3921
10376,3921
7277,3921
10376,10560
7277,10560
10376,2388
7277,2388
10376,2496
7277,2496
10376,6900
7277,6900
10376,7819
7277,7819
10376,2809
7277,2809
10376,6907
7277,6907
10376,10813
7277,10813
10376,3477
7277,3477
10376,6909
7277,6909
10376,2380
7277,2380
10376,7206
7277,7206
10376,5310
7277,5310
10376,6908
7277,6908
10376,8474
7277,8474
10376,4828
7277,4828
10376,4824
7277,4824
10848,5128
10376,5128
7277,5128
10376,6915
7277,6915
10376,3525
7277,3525
10848,9616
10376,9616
7277,9616
10376,4822
7277,4822
10376,5133
7277,5133
10848,6905
10376,6905
7277,6905
10376,2382
7277,2382
10376,3587
7277,3587
10376,8902
7277,8902
10376,5316
7277,5316
10376,3424
7277,3424
10848,6911
10376,6911
7277,6911
10376,6082
7277,6082
10376,6913
7277,6913
10848,8548
10376,8548
7277,8548
10376,7583
7277,7583
10376,9560
7277,9560
10376,9393
7277,9393
10376,3922
7277,3922
10376,10815
7277,10815
10376,5135
7277,5135
10848,7823
10376,7823
7277,7823
10376,1273
7277,1273
10376,8297
7277,8297
10376,4061
7277,4061
10376,9840
7277,9840
10376,7235
7277,7235
10376,10502
7277,10502
8394,5134
6893,5134
4068,5134
5127,5134
2367,5134
2734,5134
2324,5134
8394,10455
2358,10455
5127,10455
2367,10455
8394,10565
8499,10565
2367,10565
2363,10565
2351,10565
4032,10565
10387,3385
5293,3385
8394,3385
5127,3385
2358,3385
2363,3385
4032,3385
8394,2556
2358,2556
6893,2556
8394,9498
5127,9498
2358,9498
10756,9498
2734,10561
8394,10561
2355,10561
2358,10561
2363,10561
8394,10570
8240,10570
8499,10570
2360,10570
2351,10570
2367,10570
2363,10570
2355,10570
8394,10575
2358,10575
5127,10575
6893,10575
2363,10575
10756,10575
2367,10575
8394,2390
2367,2390
2355,2390
5127,2390
8394,10573
2355,10573
5127,10573
2363,10573
8394,7108
2358,7108
5127,7108
2367,7108
8394,10569
2367,10569
5127,10569
10756,10569
2363,10569
2358,10569
8394,8327
2358,8327
4068,8327
5127,8327
6893,8327
2363,8327
10756,8327
2367,8327
8394,10140
5127,10140
2358,10140
8394,10137
4068,10137
5127,10137
2358,10137
10756,10137
10376,2377
7277,2377
10376,7805
7277,7805
10376,6902
7277,6902
10376,2943
7277,2943
10376,2387
7277,2387
10376,8857
7277,8857
10376,5318
7277,5318
10376,10559
7277,10559
10376,3959
7277,3959
10376,2566
7277,2566
10376,7385
7277,7385
10376,10567
7277,10567
10376,2634
7277,2634
10376,6906
7277,6906
10376,6912
7277,6912
10376,10134
7277,10134
10376,10489
7277,10489
10376,8206
7277,8206
10376,6903
7277,6903
10376,2679
7277,2679
10376,9001
7277,9001
10376,5138
7277,5138
10376,8018
7277,8018
10376,3482
7277,3482
10376,2378
7277,2378
10376,3370
7277,3370
10376,4014
7277,4014
10376,3007
7277,3007
10376,2385
7277,2385
10376,10099
7277,10099
10376,3845
7277,3845
10376,5312
7277,5312
10376,5137
7277,5137
10376,2384
7277,2384
10376,4365
7277,4365
10376,8601
7277,8601
1262,7589
10809,7589
6875,7589
9927,7589
6919,7589
2364,7589
3109,7589
3601,7589
2369,7589
7288,7589
2362,7589
10809,4293
9927,8241
2364,8241
3109,8241
2369,8241
7288,8241
2370,1274
9912,1274
3054,1274
10376,9990
3923,9990
6886,9990
2331,9990
9771,9990
7328,9990
2334,9990
2350,9990
6882,9990
2370,9990
9912,9990
8394,9990
10686,9990
2355,9990
5127,9990
1449,10235
2323,10235
1313,10235
9990,10235
9222,10235
1446,10235
6279,10235
9199,10235
1266,10235
10469,10235
1449,4473
2323,4473
1313,4473
9990,4473
9222,4473
1446,4473
6279,4473
9199,4473
1266,4473
10469,4473
1449,4044
2323,4044
1313,4044
9990,4044
9222,4044
1446,4044
6279,4044
9199,4044
1266,4044
10469,4044
10376,10468
3923,10468
6886,10468
2331,10468
9771,10468
7328,10468
2334,10468
2350,10468
6882,10468
2370,10468
9912,10468
8394,10468
2355,10468
5127,10468
1449,7364
2323,7364
1313,7364
10468,7364
9222,7364
1446,7364
6279,7364
9199,7364
1266,7364
10469,7364
1449,7324
2323,7324
1313,7324
10468,7324
9222,7324
1446,7324
6279,7324
9199,7324
1266,7324
10469,7324
1449,10230
2323,10230
1313,10230
10468,10230
9222,10230
1446,10230
6279,10230
9199,10230
1266,10230
10469,10230
10376,7844
3923,7844
6886,7844
2331,7844
9771,7844
7328,7844
2334,7844
2350,7844
6882,7844
2370,7844
9912,7844
5127,7844
1449,10664
2323,10664
1313,10664
7844,10664
9222,10664
1446,10664
6279,10664
9199,10664
1266,10664
10469,10664
1449,7217
2323,7217
1313,7217
7844,7217
9222,7217
1446,7217
6279,7217
9199,7217
1266,7217
10469,7217
10376,1275
3923,1275
6886,1275
2331,1275
9771,1275
7328,1275
2334,1275
2350,1275
6882,1275
2370,1275
9912,1275
5127,1275
1449,8529
2323,8529
1313,8529
1275,8529
9222,8529
1446,8529
6279,8529
9199,8529
1266,8529
10469,8529
1449,10667
2323,10667
1313,10667
1275,10667
9222,10667
1446,10667
6279,10667
9199,10667
1266,10667
10469,10667
10376,10336
6889,10336
2331,10336
9771,10336
6882,10336
2370,10336
9912,10336
4068,10336
10703,10336
1449,10208
2323,10208
1313,10208
10336,10208
9222,10208
1446,10208
6279,10208
9199,10208
1266,10208
10469,10208
10376,1388
6889,1388
2331,1388
9771,1388
7328,1388
6882,1388
2370,1388
9912,1388
8394,1388
2363,1388
6893,1388
8896,1388
1449,3991
2323,3991
1313,3991
1388,3991
9222,3991
1446,3991
6279,3991
9199,3991
1266,3991
10469,3991
1449,10427
2323,10427
1313,10427
1388,10427
9222,10427
1446,10427
6279,10427
9199,10427
1266,10427
10469,10427
10376,10352
6889,10352
2331,10352
9771,10352
7328,10352
6882,10352
2370,10352
9912,10352
8394,10352
2363,10352
6893,10352
10703,10352
1449,7200
2323,7200
1313,7200
10352,7200
9222,7200
1446,7200
6279,7200
9199,7200
1266,7200
10469,7200
1449,4036
2323,4036
1313,4036
10352,4036
9222,4036
1446,4036
6279,4036
9199,4036
1266,4036
10469,4036
10376,5096
6889,5096
2331,5096
9771,5096
7328,5096
8394,5096
6882,5096
2370,5096
9912,5096
6893,5096
8896,5096
1449,10433
2323,10433
1313,10433
5096,10433
9222,10433
1446,10433
6279,10433
9199,10433
1266,10433
10469,10433
1449,9626
2323,9626
1313,9626
5096,9626
9222,9626
1446,9626
6279,9626
9199,9626
1266,9626
10469,9626
10376,8416
6889,8416
2331,8416
9771,8416
7328,8416
6882,8416
2370,8416
9912,8416
8394,8416
6893,8416
10703,8416
1449,10356
2323,10356
1313,10356
8416,10356
9222,10356
1446,10356
6279,10356
9199,10356
1266,10356
10469,10356
1449,8893
2323,8893
1313,8893
8416,8893
9222,8893
1446,8893
6279,8893
9199,8893
1266,8893
10469,8893
10376,3595
6889,3595
2331,3595
9771,3595
7328,3595
6882,3595
2370,3595
9912,3595
8394,3595
2367,3595
2358,3595
8896,3595
1449,1284
2323,1284
1313,1284
3595,1284
9222,1284
1446,1284
6279,1284
9199,1284
1266,1284
10469,1284
1449,2727
2323,2727
1313,2727
3595,2727
9222,2727
1446,2727
6279,2727
9199,2727
1266,2727
10469,2727
10376,1278
6889,1278
2331,1278
9771,1278
7328,1278
6882,1278
2370,1278
9912,1278
8394,1278
2367,1278
2358,1278
10703,1278
1449,6574
2323,6574
1313,6574
1278,6574
9222,6574
1446,6574
6279,6574
9199,6574
1266,6574
10469,6574
1449,3634
2323,3634
1313,3634
1278,3634
9222,3634
1446,3634
6279,3634
9199,3634
1266,3634
10469,3634
10376,7016
6889,7016
2331,7016
9771,7016
7328,7016
6882,7016
2370,7016
9912,7016
8394,7016
2358,7016
6893,7016
8896,7016
1449,10241
2323,10241
1313,10241
7016,10241
9222,10241
1446,10241
6279,10241
9199,10241
1266,10241
10469,10241
1449,3107
2323,3107
1313,3107
7016,3107
9222,3107
1446,3107
6279,3107
9199,3107
1266,3107
10469,3107
10376,10680
6889,10680
2331,10680
9771,10680
7328,10680
6882,10680
2370,10680
9912,10680
8394,10680
2358,10680
6893,10680
10703,10680
1449,10242
2323,10242
1313,10242
10680,10242
9222,10242
1446,10242
6279,10242
9199,10242
1266,10242
10469,10242
1449,3542
2323,3542
1313,3542
10680,3542
9222,3542
1446,3542
6279,3542
9199,3542
1266,3542
10469,3542
10376,1281
6889,1281
2331,1281
9771,1281
7328,1281
6882,1281
2370,1281
9912,1281
8394,1281
2358,1281
6893,1281
5127,1281
8896,1281
1449,10659
2323,10659
1313,10659
1281,10659
9222,10659
1446,10659
6279,10659
9199,10659
1266,10659
10469,10659
1449,8914
2323,8914
1313,8914
1281,8914
9222,8914
1446,8914
6279,8914
9199,8914
1266,8914
10469,8914
10376,7486
6889,7486
2331,7486
9771,7486
7328,7486
6882,7486
2370,7486
9912,7486
8394,7486
2358,7486
6893,7486
5127,7486
10703,7486
1449,10348
2323,10348
1313,10348
7486,10348
9222,10348
1446,10348
6279,10348
9199,10348
1266,10348
10469,10348
1449,5302
2323,5302
1313,5302
7486,5302
9222,5302
1446,5302
6279,5302
9199,5302
1266,5302
10469,5302
10376,6868
6889,6868
2331,6868
9771,6868
7328,6868
6882,6868
2370,6868
9912,6868
8394,6868
6893,6868
5127,6868
10756,6868
8896,6868
1449,8160
2323,8160
1313,8160
6868,8160
9222,8160
1446,8160
6279,8160
9199,8160
1266,8160
10469,8160
1449,7160
2323,7160
1313,7160
6868,7160
9222,7160
1446,7160
6279,7160
9199,7160
1266,7160
10469,7160
10376,7008
6889,7008
2331,7008
9771,7008
7328,7008
6882,7008
2370,7008
9912,7008
8394,7008
6893,7008
5127,7008
10756,7008
10703,7008
1449,10217
2323,10217
1313,10217
7008,10217
9222,10217
1446,10217
6279,10217
9199,10217
1266,10217
10469,10217
1449,6222
2323,6222
1313,6222
7008,6222
9222,6222
1446,6222
6279,6222
9199,6222
1266,6222
10469,6222
10376,3419
6889,3419
2331,3419
9771,3419
7328,3419
6882,3419
2370,3419
9912,3419
8394,3419
2358,3419
8896,3419
1449,10820
2323,10820
1313,10820
3419,10820
9222,10820
1446,10820
6279,10820
9199,10820
1266,10820
10469,10820
1449,8284
2323,8284
1313,8284
3419,8284
9222,8284
1446,8284
6279,8284
9199,8284
1266,8284
10469,8284
10376,7152
6889,7152
2331,7152
9771,7152
7328,7152
6882,7152
2370,7152
9912,7152
8394,7152
2358,7152
10703,7152
1449,7304
2323,7304
1313,7304
7152,7304
9222,7304
1446,7304
6279,7304
9199,7304
1266,7304
10469,7304
1449,10436
2323,10436
1313,10436
7152,10436
9222,10436
1446,10436
6279,10436
9199,10436
1266,10436
10469,10436
10376,10353
6889,10353
2331,10353
9771,10353
7328,10353
6882,10353
2370,10353
9912,10353
8394,10353
5127,10353
8896,10353
1449,10354
2323,10354
1313,10354
10353,10354
9222,10354
1446,10354
6279,10354
9199,10354
1266,10354
10469,10354
1449,10236
2323,10236
1313,10236
10353,10236
9222,10236
1446,10236
6279,10236
9199,10236
1266,10236
10469,10236
10376,10698
6889,10698
2331,10698
9771,10698
7328,10698
6882,10698
2370,10698
9912,10698
8394,10698
5127,10698
10703,10698
1449,10672
2323,10672
1313,10672
10698,10672
9222,10672
1446,10672
6279,10672
9199,10672
1266,10672
10469,10672
1449,10669
2323,10669
1313,10669
10698,10669
9222,10669
1446,10669
6279,10669
9199,10669
1266,10669
10469,10669
10376,10693
6889,10693
2331,10693
9771,10693
7328,10693
6882,10693
2370,10693
9912,10693
8394,10693
2363,10693
8896,10693
1449,4076
2323,4076
1313,4076
10693,4076
9222,4076
1446,4076
6279,4076
9199,4076
1266,4076
10469,4076
1449,10438
2323,10438
1313,10438
10693,10438
9222,10438
1446,10438
6279,10438
9199,10438
1266,10438
10469,10438
10376,10085
6889,10085
2331,10085
9771,10085
7328,10085
6882,10085
2370,10085
9912,10085
8394,10085
2363,10085
10703,10085
1449,10434
2323,10434
1313,10434
10085,10434
9222,10434
1446,10434
6279,10434
9199,10434
1266,10434
10469,10434
1449,10676
2323,10676
1313,10676
10085,10676
9222,10676
1446,10676
6279,10676
9199,10676
1266,10676
10469,10676
10376,10423
6889,10423
2331,10423
9771,10423
7328,10423
6882,10423
2370,10423
9912,10423
8896,10423
1449,10350
2323,10350
1313,10350
10423,10350
9222,10350
1446,10350
6279,10350
9199,10350
1266,10350
10469,10350
1449,3373
2323,3373
1313,3373
10423,3373
9222,3373
1446,3373
6279,3373
9199,3373
1266,3373
10469,3373
10376,10424
6889,10424
2331,10424
9771,10424
7328,10424
6882,10424
2370,10424
9912,10424
10703,10424
1449,1280
2323,1280
1313,1280
10424,1280
9222,1280
1446,1280
6279,1280
9199,1280
1266,1280
10469,1280
1449,3420
2323,3420
1313,3420
10424,3420
9222,3420
1446,3420
6279,3420
9199,3420
1266,3420
10469,3420
10376,8279
6889,8279
2331,8279
9771,8279
6882,8279
2370,8279
9912,8279
8394,8279
10250,8279
6893,8279
10703,8279
1449,10240
2323,10240
1313,10240
8279,10240
9222,10240
1446,10240
6279,10240
9199,10240
1266,10240
10469,10240
1449,10435
2323,10435
1313,10435
8279,10435
9222,10435
1446,10435
6279,10435
9199,10435
1266,10435
10469,10435
10376,10679
6889,10679
2331,10679
9771,10679
6882,10679
2370,10679
9912,10679
10703,10679
1449,4127
2323,4127
1313,4127
10679,4127
9222,4127
1446,4127
6279,4127
9199,4127
1266,4127
10469,4127
1449,8288
2323,8288
1313,8288
10679,8288
9222,8288
1446,8288
6279,8288
9199,8288
1266,8288
10469,8288
10376,8543
6889,8543
2331,8543
9771,8543
6882,8543
2370,8543
9912,8543
10703,8543
1449,10661
2323,10661
1313,10661
8543,10661
9222,10661
1446,10661
6279,10661
9199,10661
1266,10661
10469,10661
10376,10689
6889,10689
2331,10689
9771,10689
7328,10689
6882,10689
9912,10689
8394,10689
2367,10689
2358,10689
10756,10689
5127,10689
2363,10689
2355,10689
1449,2464
2323,2464
1313,2464
10689,2464
9222,2464
1446,2464
6279,2464
9199,2464
1266,2464
10469,2464
1449,10231
2323,10231
1313,10231
10689,10231
9222,10231
1446,10231
6279,10231
9199,10231
1266,10231
10469,10231
1449,4005
2323,4005
1313,4005
10689,4005
9222,4005
1446,4005
6279,4005
9199,4005
1266,4005
10469,4005
10376,10355
6889,10355
2331,10355
9771,10355
7328,10355
6882,10355
9912,10355
8394,10355
6893,10355
2363,10355
5127,10355
2358,10355
10756,10355
2355,10355
1449,9205
2323,9205
1313,9205
10355,9205
9222,9205
1446,9205
6279,9205
9199,9205
1266,9205
10469,9205
1449,10477
2323,10477
1313,10477
10355,10477
9222,10477
1446,10477
6279,10477
9199,10477
1266,10477
10469,10477
10376,10234
6889,10234
2331,10234
9771,10234
7328,10234
6882,10234
2370,10234
9912,10234
8394,10234
5258,10234
8240,10234
2355,10234
2358,10234
2367,10234
2324,10234
5127,10234
2357,10234
1449,7308
2323,7308
1313,7308
10234,7308
9222,7308
1446,7308
6279,7308
9199,7308
1266,7308
10469,7308
1449,10243
2323,10243
1313,10243
10234,10243
9222,10243
1446,10243
6279,10243
9199,10243
1266,10243
10469,10243
10376,4300
6889,4300
2331,4300
9771,4300
7328,4300
6882,4300
2370,4300
9912,4300
8394,4300
5258,4300
8240,4300
2355,4300
5127,4300
1449,4254
2323,4254
1313,4254
4300,4254
9222,4254
1446,4254
6279,4254
9199,4254
1266,4254
10469,4254
1449,9689
2323,9689
1313,9689
4300,9689
9222,9689
1446,9689
6279,9689
9199,9689
1266,9689
10469,9689
10376,10685
6889,10685
2331,10685
9771,10685
7328,10685
6882,10685
2370,10685
9912,10685
10440,10685
8499,10685
8394,10685
8453,10685
3405,10685
2351,10685
2367,10685
2363,10685
2355,10685
1449,10212
2323,10212
1313,10212
10685,10212
9222,10212
1446,10212
6279,10212
9199,10212
1266,10212
10469,10212
1449,10245
2323,10245
1313,10245
10685,10245
9222,10245
1446,10245
6279,10245
9199,10245
1266,10245
10469,10245
1449,10233
2323,10233
1313,10233
10685,10233
9222,10233
1446,10233
6279,10233
9199,10233
1266,10233
10469,10233
1449,7586
2323,7586
1313,7586
10685,7586
9222,7586
1446,7586
6279,7586
9199,7586
1266,7586
10469,7586
10376,10249
6889,10249
2331,10249
9771,10249
7328,10249
8394,10249
6882,10249
2370,10249
9912,10249
8453,10249
3405,10249
4068,10249
1449,1279
2323,1279
1313,1279
10249,1279
9222,1279
1446,1279
6279,1279
9199,1279
1266,1279
10469,1279
1449,3745
2323,3745
1313,3745
10249,3745
9222,3745
1446,3745
6279,3745
9199,3745
1266,3745
10469,3745
8394,10440
8499,10440
2367,10440
2363,10440
2351,10440
4032,10440
5306,6190
4068,6190
7328,6190
2324,6190
10387,8303
5293,8303
8394,8303
5127,8303
2358,8303
2363,8303
4032,8303
8394,10443
8499,10443
2360,10443
2351,10443
2367,10443
2363,10443
2355,10443
8394,7479
2367,7479
2355,7479
5127,7479
10376,9367
6889,9367
6882,9367
9912,9367
2331,9367
9771,9367
7328,9367
2370,9367
4068,9367
2324,9367
1449,3414
2323,3414
1313,3414
9367,3414
9222,3414
1446,3414
6279,3414
9199,3414
1266,3414
10469,3414
1449,10209
2323,10209
1313,10209
9367,10209
9222,10209
1446,10209
6279,10209
9199,10209
1266,10209
10469,10209
10376,10252
6889,10252
2331,10252
9771,10252
6882,10252
2370,10252
9912,10252
4068,10252
10703,10252
10376,3450
6889,3450
2331,3450
9771,3450
6882,3450
2370,3450
9912,3450
10703,3450
1449,10677
2323,10677
1313,10677
3450,10677
9222,10677
1446,10677
6279,10677
9199,10677
1266,10677
10469,10677
10376,10429
6889,10429
2331,10429
9771,10429
6882,10429
2370,10429
9912,10429
10703,10429
10376,10216
6889,10216
2331,10216
9771,10216
7328,10216
6882,10216
2370,10216
9912,10216
4068,10216
1449,10211
2323,10211
1313,10211
10216,10211
9222,10211
1446,10211
6279,10211
9199,10211
1266,10211
10469,10211
10376,10425
6889,10425
2331,10425
9771,10425
7328,10425
6882,10425
2370,10425
9912,10425
10690,10425
8394,10425
8114,10425
3300,10425
4068,10425
1449,10215
2323,10215
3537,10215
2811,10215
1313,10215
10425,10215
9222,10215
1446,10215
6279,10215
9199,10215
1266,10215
10469,10215
1449,9776
2323,9776
3537,9776
2811,9776
1313,9776
10425,9776
9222,9776
1446,9776
6279,9776
9199,9776
1266,9776
10469,9776
10376,10691
6889,10691
2331,10691
9771,10691
7328,10691
6882,10691
2370,10691
9912,10691
10690,10691
8114,10691
1449,10381
2323,10381
3537,10381
2811,10381
1313,10381
10691,10381
9222,10381
1446,10381
6279,10381
9199,10381
1266,10381
10469,10381
1449,4460
2323,4460
3537,4460
2811,4460
1313,4460
10691,4460
9222,4460
1446,4460
6279,4460
9199,4460
1266,4460
10469,4460
10376,10681
6889,10681
2331,10681
9771,10681
7328,10681
6882,10681
2370,10681
9912,10681
10690,10681
8394,10681
8114,10681
10686,10681
4068,10681
1449,10213
2323,10213
3537,10213
2811,10213
1313,10213
10681,10213
9222,10213
1446,10213
6279,10213
9199,10213
1266,10213
10469,10213
1449,10204
2323,10204
3537,10204
2811,10204
1313,10204
10681,10204
9222,10204
1446,10204
6279,10204
9199,10204
1266,10204
10469,10204
10376,10687
6889,10687
2331,10687
9771,10687
7328,10687
6882,10687
2370,10687
9912,10687
10690,10687
8114,10687
1449,10432
2323,10432
3537,10432
2811,10432
1313,10432
10687,10432
9222,10432
1446,10432
6279,10432
9199,10432
1266,10432
10469,10432
1449,10390
2323,10390
3537,10390
2811,10390
1313,10390
10687,10390
9222,10390
1446,10390
6279,10390
9199,10390
1266,10390
10469,10390
10376,2446
6889,2446
2331,2446
9771,2446
7328,2446
6882,2446
2370,2446
9912,2446
4068,2446
1449,10227
2323,10227
1313,10227
2446,10227
9222,10227
1446,10227
6279,10227
9199,10227
1266,10227
10469,10227
10376,8744
6889,8744
2331,8744
9771,8744
6882,8744
2370,8744
9912,8744
10690,8744
7328,8744
8114,8744
4068,8744
1449,10203
2323,10203
3537,10203
2811,10203
1313,10203
8744,10203
9222,10203
1446,10203
6279,10203
9199,10203
1266,10203
10469,10203
10376,10694
6889,10694
2331,10694
9771,10694
7328,10694
6882,10694
2370,10694
9912,10694
2358,10694
1449,10673
2323,10673
1313,10673
10694,10673
9222,10673
1446,10673
6279,10673
9199,10673
1266,10673
10469,10673
10376,10697
8394,10697
6889,10697
2331,10697
9771,10697
6882,10697
2370,10697
9912,10697
10690,10697
5127,10697
8114,10697
2358,10697
2363,10697
4068,10697
2355,10697
7328,10697
10756,10697
1449,3823
2323,3823
3537,3823
2811,3823
1313,3823
10697,3823
9222,3823
1446,3823
6279,3823
9199,3823
1266,3823
10469,3823
1449,3718
2323,3718
3537,3718
2811,3718
1313,3718
10697,3718
9222,3718
1446,3718
6279,3718
9199,3718
1266,3718
10469,3718
1449,7006
2323,7006
3537,7006
2811,7006
1313,7006
10697,7006
9222,7006
1446,7006
6279,7006
9199,7006
1266,7006
10469,7006
1449,10210
2323,10210
3537,10210
2811,10210
1313,10210
10697,10210
9222,10210
1446,10210
6279,10210
9199,10210
1266,10210
10469,10210
10376,8870
8394,8870
6889,8870
2331,8870
9771,8870
6882,8870
2370,8870
9912,8870
10690,8870
5127,8870
8114,8870
2358,8870
2363,8870
2355,8870
7328,8870
10756,8870
1449,7086
2323,7086
3537,7086
2811,7086
1313,7086
8870,7086
9222,7086
1446,7086
6279,7086
9199,7086
1266,7086
10469,7086
1449,4372
2323,4372
3537,4372
2811,4372
1313,4372
8870,4372
9222,4372
1446,4372
6279,4372
9199,4372
1266,4372
10469,4372
1449,10244
2323,10244
3537,10244
2811,10244
1313,10244
8870,10244
9222,10244
1446,10244
6279,10244
9199,10244
1266,10244
10469,10244
1449,10232
2323,10232
3537,10232
2811,10232
1313,10232
8870,10232
9222,10232
1446,10232
6279,10232
9199,10232
1266,10232
10469,10232
10376,10683
6889,10683
2331,10683
9771,10683
6882,10683
2370,10683
9912,10683
10690,10683
7328,10683
8114,10683
1449,10223
2323,10223
3537,10223
2811,10223
1313,10223
10683,10223
9222,10223
1446,10223
6279,10223
9199,10223
1266,10223
10469,10223
10376,10431
6889,10431
2331,10431
9771,10431
7328,10431
6882,10431
2370,10431
9912,10431
8394,10431
10443,10431
2358,10431
10756,10431
2355,10431
5127,10431
1449,10220
2323,10220
1313,10220
10431,10220
9222,10220
1446,10220
6279,10220
9199,10220
1266,10220
10469,10220
1449,7604
2323,7604
1313,7604
10431,7604
9222,7604
1446,7604
6279,7604
9199,7604
1266,7604
10469,7604
1449,3813
2323,3813
1313,3813
10431,3813
9222,3813
1446,3813
6279,3813
9199,3813
1266,3813
10469,3813
1449,10658
2323,10658
1313,10658
10431,10658
9222,10658
1446,10658
6279,10658
9199,10658
1266,10658
10469,10658
10376,8546
6889,8546
2331,8546
9771,8546
7328,8546
6882,8546
2370,8546
9912,8546
8394,8546
2360,8546
2358,8546
10756,8546
2355,8546
5127,8546
1449,10239
2323,10239
1313,10239
8546,10239
9222,10239
1446,10239
6279,10239
9199,10239
1266,10239
10469,10239
1449,6984
2323,6984
1313,6984
8546,6984
9222,6984
1446,6984
6279,6984
9199,6984
1266,6984
10469,6984
1449,9298
2323,9298
1313,9298
8546,9298
9222,9298
1446,9298
6279,9298
9199,9298
1266,9298
10469,9298
1449,6169
2323,6169
1313,6169
8546,6169
9222,6169
1446,6169
6279,6169
9199,6169
1266,6169
10469,6169
10376,5115
6889,5115
2331,5115
9771,5115
7328,5115
6882,5115
2370,5115
9912,5115
4068,5115
1449,3566
2323,3566
1313,3566
5115,3566
9222,3566
1446,3566
6279,3566
9199,3566
1266,3566
10469,3566
10376,9972
6889,9972
2331,9972
9771,9972
7328,9972
6882,9972
2370,9972
9912,9972
4068,9972
1449,10662
2323,10662
1313,10662
9972,10662
9222,10662
1446,10662
6279,10662
9199,10662
1266,10662
10469,10662
10376,2485
6889,2485
2331,2485
9771,2485
7328,2485
6882,2485
2370,2485
9912,2485
4068,2485
1449,3989
2323,3989
1313,3989
2485,3989
9222,3989
1446,3989
6279,3989
9199,3989
1266,3989
10469,3989
10376,10699
6889,10699
2331,10699
9771,10699
7328,10699
6882,10699
2370,10699
9912,10699
8394,10699
10443,10699
2358,10699
10756,10699
7479,10699
5127,10699
2367,10699
2363,10699
2355,10699
1449,9635
2323,9635
1313,9635
10699,9635
9222,9635
1446,9635
6279,9635
9199,9635
1266,9635
10469,9635
1449,10226
2323,10226
1313,10226
10699,10226
9222,10226
1446,10226
6279,10226
9199,10226
1266,10226
10469,10226
1449,9602
2323,9602
1313,9602
10699,9602
9222,9602
1446,9602
6279,9602
9199,9602
1266,9602
10469,9602
1449,10426
2323,10426
1313,10426
10699,10426
9222,10426
1446,10426
6279,10426
9199,10426
1266,10426
10469,10426
10376,9593
6889,9593
2331,9593
9771,9593
7328,9593
6882,9593
2370,9593
9912,9593
8394,9593
2360,9593
2358,9593
10756,9593
2363,9593
5127,9593
1449,8130
2323,8130
1313,8130
9593,8130
9222,8130
1446,8130
6279,8130
9199,8130
1266,8130
10469,8130
1449,10246
2323,10246
1313,10246
9593,10246
9222,10246
1446,10246
6279,10246
9199,10246
1266,10246
10469,10246
1449,10819
2323,10819
1313,10819
9593,10819
9222,10819
1446,10819
6279,10819
9199,10819
1266,10819
10469,10819
1449,6086
2323,6086
1313,6086
9593,6086
9222,6086
1446,6086
6279,6086
9199,6086
1266,6086
10469,6086
10376,9047
6889,9047
2331,9047
9771,9047
7328,9047
6882,9047
2370,9047
9912,9047
4068,9047
1449,7319
2323,7319
1313,7319
9047,7319
9222,7319
1446,7319
6279,7319
9199,7319
1266,7319
10469,7319
10376,10695
6889,10695
2331,10695
9771,10695
7328,10695
6882,10695
2370,10695
9912,10695
4068,10695
1449,8717
2323,8717
1313,8717
10695,8717
9222,8717
1446,8717
6279,8717
9199,8717
1266,8717
10469,8717
10376,2818
3923,2818
6886,2818
2331,2818
9771,2818
7328,2818
2334,2818
2350,2818
6882,2818
2370,2818
9912,2818
8394,2818
10443,2818
5127,2818
1449,10674
2323,10674
1313,10674
2818,10674
9222,10674
1446,10674
6279,10674
9199,10674
1266,10674
10469,10674
1449,10671
2323,10671
1313,10671
2818,10671
9222,10671
1446,10671
6279,10671
9199,10671
1266,10671
10469,10671
1449,2628
2323,2628
1313,2628
2818,2628
9222,2628
1446,2628
6279,2628
9199,2628
1266,2628
10469,2628
1449,8608
2323,8608
1313,8608
2818,8608
9222,8608
1446,8608
6279,8608
9199,8608
1266,8608
10469,8608
10376,10251
6889,10251
2331,10251
9771,10251
7328,10251
6882,10251
2370,10251
9912,10251
8394,10251
10443,10251
5127,10251
2358,10251
1449,3209
2323,3209
1313,3209
10251,3209
9222,3209
1446,3209
6279,3209
9199,3209
1266,3209
10469,3209
1449,10391
2323,10391
1313,10391
10251,10391
9222,10391
1446,10391
6279,10391
9199,10391
1266,10391
10469,10391
1449,10254
2323,10254
1313,10254
10251,10254
9222,10254
1446,10254
6279,10254
9199,10254
1266,10254
10469,10254
1449,7838
2323,7838
1313,7838
10251,7838
9222,7838
1446,7838
6279,7838
9199,7838
1266,7838
10469,7838
10376,10692
6889,10692
2331,10692
9771,10692
7328,10692
6882,10692
2370,10692
9912,10692
8394,10692
2360,10692
5127,10692
2358,10692
1449,10660
2323,10660
1313,10660
10692,10660
9222,10660
1446,10660
6279,10660
9199,10660
1266,10660
10469,10660
1449,2890
2323,2890
1313,2890
10692,2890
9222,2890
1446,2890
6279,2890
9199,2890
1266,2890
10469,2890
1449,2978
2323,2978
1313,2978
10692,2978
9222,2978
1446,2978
6279,2978
9199,2978
1266,2978
10469,2978
1449,8392
2323,8392
1313,8392
10692,8392
9222,8392
1446,8392
6279,8392
9199,8392
1266,8392
10469,8392
10376,8578
6889,8578
2331,8578
9771,8578
7328,8578
6882,8578
2370,8578
9912,8578
2363,8578
1449,3815
2323,3815
1313,3815
8578,3815
9222,3815
1446,3815
6279,3815
9199,3815
1266,3815
10469,3815
1449,9179
2323,9179
1313,9179
8578,9179
9222,9179
1446,9179
6279,9179
9199,9179
1266,9179
10469,9179
1449,10218
2323,10218
1313,10218
8578,10218
9222,10218
1446,10218
6279,10218
9199,10218
1266,10218
10469,10218
1449,10663
2323,10663
1313,10663
8578,10663
9222,10663
1446,10663
6279,10663
9199,10663
1266,10663
10469,10663
10376,3341
3923,3341
6886,3341
2331,3341
9771,3341
7328,3341
2334,3341
2350,3341
6882,3341
2370,3341
9912,3341
8394,3341
10756,3341
2367,3341
1449,10678
2323,10678
1313,10678
3341,10678
9222,10678
1446,10678
6279,10678
9199,10678
1266,10678
10469,10678
1449,8205
2323,8205
1313,8205
3341,8205
9222,8205
1446,8205
6279,8205
9199,8205
1266,8205
10469,8205
1449,7401
2323,7401
1313,7401
3341,7401
9222,7401
1446,7401
6279,7401
9199,7401
1266,7401
10469,7401
1449,8564
2323,8564
1313,8564
3341,8564
9222,8564
1446,8564
6279,8564
9199,8564
1266,8564
10469,8564
9771,1276
5306,1276
4032,1276
2734,1276
6889,3923
6875,3923
10376,10114
3923,10114
6886,10114
2331,10114
9771,10114
7328,10114
2334,10114
2350,10114
6882,10114
2370,10114
9912,10114
10756,10114
1449,10237
2323,10237
1313,10237
10114,10237
9222,10237
1446,10237
6279,10237
9199,10237
1266,10237
10469,10237
1449,10670
2323,10670
1313,10670
10114,10670
9222,10670
1446,10670
6279,10670
9199,10670
1266,10670
10469,10670
10376,10682
3923,10682
6886,10682
2331,10682
9771,10682
7328,10682
2334,10682
2350,10682
6882,10682
2370,10682
9912,10682
10756,10682
1449,2774
2323,2774
1313,2774
10682,2774
9222,2774
1446,2774
6279,2774
9199,2774
1266,2774
10469,2774
1449,10675
2323,10675
1313,10675
10682,10675
9222,10675
1446,10675
6279,10675
9199,10675
1266,10675
10469,10675
1449,9278
2323,9278
1313,9278
10682,9278
9222,9278
1446,9278
6279,9278
9199,9278
1266,9278
10469,9278
1449,10720
2323,10720
1313,10720
10682,10720
9222,10720
1446,10720
6279,10720
9199,10720
1266,10720
10469,10720
10376,10704
6889,10704
2331,10704
9771,10704
7328,10704
6882,10704
2370,10704
9912,10704
10690,10704
8394,10704
5127,10704
8984,10704
1449,10228
2323,10228
3537,10228
2811,10228
1313,10228
10704,10228
9222,10228
1446,10228
6279,10228
9199,10228
1266,10228
10469,10228
8266,10228
10376,10479
6889,10479
2331,10479
9771,10479
7328,10479
6882,10479
2370,10479
9912,10479
10690,10479
8394,10479
6893,10479
2324,10479
8984,10479
4068,10479
1449,10818
2323,10818
3537,10818
2811,10818
1313,10818
10479,10818
9222,10818
1446,10818
6279,10818
9199,10818
1266,10818
10469,10818
8266,10818
1449,10709
2323,10709
3537,10709
2811,10709
1313,10709
10479,10709
9222,10709
1446,10709
6279,10709
9199,10709
1266,10709
10469,10709
8266,10709
10376,4307
6889,4307
2331,4307
9771,4307
7328,4307
6882,4307
2370,4307
9912,4307
10688,4307
5127,4307
1449,7254
2323,7254
1313,7254
4307,7254
9222,7254
1446,7254
6279,7254
9199,7254
1266,7254
10469,7254
1449,10200
2323,10200
1313,10200
4307,10200
9222,10200
1446,10200
6279,10200
9199,10200
1266,10200
10469,10200
10376,10696
6889,10696
2331,10696
9771,10696
7328,10696
6882,10696
2370,10696
9912,10696
10686,10696
5127,10696
1449,10221
2323,10221
1313,10221
10696,10221
9222,10221
1446,10221
6279,10221
9199,10221
1266,10221
10469,10221
1449,3847
2323,3847
1313,3847
10696,3847
9222,3847
1446,3847
6279,3847
9199,3847
1266,3847
10469,3847
8394,10686
2355,10686
5127,10686
2363,10686
8394,5258
2355,5258
5127,5258
2363,5258
8394,10688
2355,10688
5127,10688
2363,10688
8394,10690
2331,10690
1276,10690
8499,10690
2351,10690
7328,10690
2355,10690
5127,10690
2363,10690
8394,3300
2355,3300
5127,3300
2363,3300
10376,3608
6889,3608
2331,3608
9771,3608
7328,3608
6882,3608
2370,3608
9912,3608
8394,3608
2358,3608
5127,3608
1449,10248
2323,10248
1313,10248
3608,10248
9222,10248
1446,10248
6279,10248
9199,10248
1266,10248
10469,10248
1449,9553
2323,9553
1313,9553
3608,9553
9222,9553
1446,9553
6279,9553
9199,9553
1266,9553
10469,9553
10376,2967
3923,2967
6886,2967
2331,2967
9771,2967
7328,2967
2334,2967
2350,2967
8394,2967
6882,2967
2370,2967
9912,2967
5127,2967
2358,2967
1449,10238
2323,10238
1313,10238
2967,10238
9222,10238
1446,10238
6279,10238
9199,10238
1266,10238
10469,10238
1449,10214
2323,10214
1313,10214
2967,10214
9222,10214
1446,10214
6279,10214
9199,10214
1266,10214
10469,10214
10376,7415
3923,7415
6886,7415
2331,7415
9771,7415
7328,7415
2334,7415
2350,7415
6882,7415
2370,7415
9912,7415
8394,7415
2363,7415
5127,7415
6893,7415
1449,6869
2323,6869
1313,6869
7415,6869
9222,6869
1446,6869
6279,6869
9199,6869
1266,6869
10469,6869
1449,6165
2323,6165
1313,6165
7415,6165
9222,6165
1446,6165
6279,6165
9199,6165
1266,6165
10469,6165
10376,10701
3923,10701
6886,10701
2331,10701
9771,10701
7328,10701
2334,10701
2350,10701
6882,10701
2370,10701
9912,10701
8394,10701
2363,10701
5127,10701
6893,10701
1449,9871
2323,9871
1313,9871
10701,9871
9222,9871
1446,9871
6279,9871
9199,9871
1266,9871
10469,9871
1449,8818
2323,8818
1313,8818
10701,8818
9222,8818
1446,8818
6279,8818
9199,8818
1266,8818
10469,8818
10376,10428
3923,10428
6886,10428
2331,10428
9771,10428
7328,10428
2334,10428
2350,10428
6882,10428
2370,10428
9912,10428
8394,10428
2363,10428
2367,10428
5127,10428
2358,10428
1449,10541
2323,10541
1313,10541
10428,10541
9222,10541
1446,10541
6279,10541
9199,10541
1266,10541
10469,10541
1449,10666
2323,10666
1313,10666
10428,10666
9222,10666
1446,10666
6279,10666
9199,10666
1266,10666
10469,10666
1449,3004
2323,3004
1313,3004
10428,3004
9222,3004
1446,3004
6279,3004
9199,3004
1266,3004
10469,3004
1449,10225
2323,10225
1313,10225
10428,10225
9222,10225
1446,10225
6279,10225
9199,10225
1266,10225
10469,10225
10376,9793
3923,9793
6886,9793
2331,9793
9771,9793
7328,9793
2334,9793
2350,9793
6882,9793
2370,9793
9912,9793
8394,9793
2363,9793
5127,9793
6893,9793
1449,9970
2323,9970
1313,9970
9793,9970
9222,9970
1446,9970
6279,9970
9199,9970
1266,9970
10469,9970
1449,6861
2323,6861
1313,6861
9793,6861
9222,6861
1446,6861
6279,6861
9199,6861
1266,6861
10469,6861
1449,10437
2323,10437
1313,10437
9793,10437
9222,10437
1446,10437
6279,10437
9199,10437
1266,10437
10469,10437
1449,3612
2323,3612
1313,3612
9793,3612
9222,3612
1446,3612
6279,3612
9199,3612
1266,3612
10469,3612
10376,7360
3923,7360
6886,7360
2331,7360
9771,7360
7328,7360
2334,7360
2350,7360
6882,7360
2370,7360
9912,7360
8394,7360
2358,7360
2367,7360
2363,7360
5127,7360
1449,3568
2323,3568
1313,3568
7360,3568
9222,3568
1446,3568
6279,3568
9199,3568
1266,3568
10469,3568
1449,10229
2323,10229
1313,10229
7360,10229
9222,10229
1446,10229
6279,10229
9199,10229
1266,10229
10469,10229
1449,10478
2323,10478
1313,10478
7360,10478
9222,10478
1446,10478
6279,10478
9199,10478
1266,10478
10469,10478
10376,8508
3923,8508
6886,8508
2331,8508
9771,8508
7328,8508
2334,8508
2350,8508
6882,8508
2370,8508
9912,8508
8394,8508
2363,8508
2358,8508
2367,8508
5127,8508
1449,7771
2323,7771
1313,7771
8508,7771
9222,7771
1446,7771
6279,7771
9199,7771
1266,7771
10469,7771
1449,10219
2323,10219
1313,10219
8508,10219
9222,10219
1446,10219
6279,10219
9199,10219
1266,10219
10469,10219
1449,10665
2323,10665
1313,10665
8508,10665
9222,10665
1446,10665
6279,10665
9199,10665
1266,10665
10469,10665
10376,9861
6889,9861
2331,9861
9771,9861
7328,9861
6882,9861
2370,9861
9912,9861
8394,9861
2363,9861
2358,9861
5127,9861
1449,3121
2323,3121
1313,3121
9861,3121
9222,3121
1446,3121
6279,3121
9199,3121
1266,3121
10469,3121
1449,7787
2323,7787
1313,7787
9861,7787
9222,7787
1446,7787
6279,7787
9199,7787
1266,7787
10469,7787
1449,9882
2323,9882
1313,9882
9861,9882
9222,9882
1446,9882
6279,9882
9199,9882
1266,9882
10469,9882
10376,9088
6889,9088
2331,9088
9771,9088
7328,9088
6882,9088
2370,9088
9912,9088
8394,9088
2363,9088
2358,9088
5127,9088
1449,10247
2323,10247
1313,10247
9088,10247
9222,10247
1446,10247
6279,10247
9199,10247
1266,10247
10469,10247
1449,10481
2323,10481
1313,10481
9088,10481
9222,10481
1446,10481
6279,10481
9199,10481
1266,10481
10469,10481
1449,10222
2323,10222
1313,10222
9088,10222
9222,10222
1446,10222
6279,10222
9199,10222
1266,10222
10469,10222
10376,2630
3923,2630
6886,2630
2331,2630
9771,2630
7328,2630
2334,2630
2350,2630
6882,2630
2370,2630
9912,2630
8394,2630
2363,2630
5127,2630
1449,10668
2323,10668
1313,10668
2630,10668
9222,10668
1446,10668
6279,10668
9199,10668
1266,10668
10469,10668
1449,2819
2323,2819
1313,2819
2630,2819
9222,2819
1446,2819
6279,2819
9199,2819
1266,2819
10469,2819
1449,2910
2323,2910
1313,2910
2630,2910
9222,2910
1446,2910
6279,2910
9199,2910
1266,2910
10469,2910
1449,8626
2323,8626
1313,8626
2630,8626
9222,8626
1446,8626
6279,8626
9199,8626
1266,8626
10469,8626
10376,9277
8394,9277
6889,9277
2331,9277
9771,9277
6882,9277
2370,9277
9912,9277
10690,9277
5127,9277
8114,9277
2358,9277
2355,9277
2363,9277
7328,9277
10756,9277
8984,9277
1449,4387
2323,4387
3537,4387
2811,4387
1313,4387
9277,4387
9222,4387
1446,4387
6279,4387
9199,4387
1266,4387
8266,4387
10469,4387
1449,8227
2323,8227
3537,8227
2811,8227
1313,8227
9277,8227
9222,8227
1446,8227
6279,8227
9199,8227
1266,8227
8266,8227
10469,8227
1449,3009
2323,3009
3537,3009
2811,3009
1313,3009
9277,3009
9222,3009
1446,3009
6279,3009
9199,3009
1266,3009
8266,3009
10469,3009
1449,7376
2323,7376
3537,7376
2811,7376
1313,7376
9277,7376
9222,7376
1446,7376
6279,7376
9199,7376
1266,7376
8266,7376
10469,7376
10376,6986
8394,6986
6889,6986
2331,6986
9771,6986
6882,6986
2370,6986
9912,6986
10690,6986
5127,6986
8114,6986
2358,6986
2355,6986
2363,6986
7328,6986
10756,6986
8984,6986
1449,9644
2323,9644
3537,9644
2811,9644
1313,9644
6986,9644
9222,9644
1446,9644
6279,9644
9199,9644
1266,9644
8266,9644
10469,9644
1449,3820
2323,3820
3537,3820
2811,3820
1313,3820
6986,3820
9222,3820
1446,3820
6279,3820
9199,3820
1266,3820
8266,3820
10469,3820
1449,7719
2323,7719
3537,7719
2811,7719
1313,7719
6986,7719
9222,7719
1446,7719
6279,7719
9199,7719
1266,7719
8266,7719
10469,7719
1449,9166
2323,9166
3537,9166
2811,9166
1313,9166
6986,9166
9222,9166
1446,9166
6279,9166
9199,9166
1266,9166
8266,9166
10469,9166
10376,10702
6889,10702
2331,10702
9771,10702
6882,10702
2370,10702
9912,10702
10690,10702
10448,10702
7328,10702
8984,10702
1449,3575
2323,3575
3537,3575
2811,3575
1313,3575
10702,3575
9222,3575
1446,3575
6279,3575
9199,3575
1266,3575
8266,3575
10469,3575
10376,10700
3923,10700
6886,10700
2331,10700
9771,10700
7328,10700
2334,10700
2350,10700
6882,10700
2370,10700
9912,10700
2367,10700
1449,10447
2323,10447
1313,10447
10700,10447
9222,10447
1446,10447
6279,10447
9199,10447
1266,10447
10469,10447
1449,7270
2323,7270
1313,7270
10700,7270
9222,7270
1446,7270
6279,7270
9199,7270
1266,7270
10469,7270
10376,10684
3923,10684
6886,10684
2331,10684
9771,10684
7328,10684
2334,10684
2350,10684
6882,10684
2370,10684
9912,10684
2367,10684
1449,9501
2323,9501
1313,9501
10684,9501
9222,9501
1446,9501
6279,9501
9199,9501
1266,9501
10469,9501
1449,8997
2323,8997
1313,8997
10684,8997
9222,8997
1446,8997
6279,8997
9199,8997
1266,8997
10469,8997
10376,10056
6889,10056
2331,10056
9771,10056
6882,10056
9912,10056
7328,10056
1389,10056
1449,9723
2323,9723
1313,9723
10056,9723
9222,9723
1446,9723
1266,9723
10469,9723
6279,9723
9199,9723
1449,7080
2323,7080
1313,7080
10056,7080
9222,7080
1446,7080
1266,7080
10469,7080
6279,7080
9199,7080
10376,10357
6889,10357
2331,10357
9771,10357
6882,10357
9912,10357
7328,10357
1389,10357
1449,9201
2323,9201
1313,9201
10357,9201
9222,9201
1446,9201
1266,9201
10469,9201
6279,9201
9199,9201
1449,8606
2323,8606
1313,8606
10357,8606
9222,8606
1446,8606
1266,8606
10469,8606
6279,8606
9199,8606
10376,10358
6889,10358
2331,10358
9771,10358
6882,10358
9912,10358
7328,10358
1389,10358
1449,4192
2323,4192
1313,4192
10358,4192
9222,4192
1446,4192
1266,4192
10469,4192
6279,4192
9199,4192
1449,10596
2323,10596
1313,10596
10358,10596
9222,10596
1446,10596
1266,10596
10469,10596
6279,10596
9199,10596
10376,10821
6889,10821
2331,10821
9771,10821
6882,10821
9912,10821
7328,10821
1389,10821
1449,8939
2323,8939
1313,8939
10821,8939
9222,8939
1446,8939
1266,8939
10469,8939
6279,8939
9199,8939
1449,7527
2323,7527
1313,7527
10821,7527
9222,7527
1446,7527
1266,7527
10469,7527
6279,7527
9199,7527
10376,2557
6889,2557
2331,2557
9771,2557
6882,2557
9912,2557
7328,2557
1389,2557
1449,3817
2323,3817
1313,3817
2557,3817
9222,3817
1446,3817
1266,3817
10469,3817
6279,3817
9199,3817
1449,8734
2323,8734
1313,8734
2557,8734
9222,8734
1446,8734
1266,8734
10469,8734
6279,8734
9199,8734
10376,3363
6889,3363
2331,3363
9771,3363
6882,3363
9912,3363
7328,3363
1389,3363
1449,10385
2323,10385
1313,10385
3363,10385
9222,10385
1446,10385
1266,10385
10469,10385
6279,10385
9199,10385
1449,10386
2323,10386
1313,10386
3363,10386
9222,10386
1446,10386
1266,10386
10469,10386
6279,10386
9199,10386
10376,10351
6889,10351
2331,10351
9771,10351
6882,10351
9912,10351
7328,10351
1389,10351
1449,10404
2323,10404
1313,10404
10351,10404
9222,10404
1446,10404
1266,10404
10469,10404
6279,10404
9199,10404
1449,7465
2323,7465
1313,7465
10351,7465
9222,7465
1446,7465
1266,7465
10469,7465
6279,7465
9199,7465
1449,9537
2323,9537
1313,9537
10351,9537
9222,9537
1446,9537
1266,9537
10469,9537
6279,9537
9199,9537
1449,7173
2323,7173
1313,7173
10351,7173
9222,7173
1446,7173
1266,7173
10469,7173
6279,7173
9199,7173
10376,10020
6889,10020
2331,10020
9771,10020
6882,10020
9912,10020
7328,10020
1389,10020
1449,10401
2323,10401
1313,10401
10020,10401
9222,10401
1446,10401
1266,10401
10469,10401
6279,10401
9199,10401
1449,3208
2323,3208
1313,3208
10020,3208
9222,3208
1446,3208
1266,3208
10469,3208
6279,3208
9199,3208
10376,10343
6889,10343
2331,10343
9771,10343
6882,10343
9912,10343
7328,10343
1389,10343
1449,8719
2323,8719
1313,8719
10343,8719
9222,8719
1446,8719
1266,8719
10469,8719
6279,8719
9199,8719
1449,2675
2323,2675
1313,2675
10343,2675
9222,2675
1446,2675
1266,2675
10469,2675
6279,2675
9199,2675
10376,1389
6889,1389
2331,1389
9771,1389
7328,1389
8394,1389
2355,1389
5127,1389
2358,1389
2367,1389
4068,1389
10756,1389
6893,1389
10376,7158
6889,7158
2331,7158
9771,7158
7328,7158
6882,7158
9912,7158
1389,7158
1449,10449
2323,10449
1313,10449
7158,10449
9222,10449
1446,10449
1266,10449
10469,10449
6279,10449
9199,10449
1449,7983
2323,7983
1313,7983
7158,7983
9222,7983
1446,7983
1266,7983
10469,7983
6279,7983
9199,7983
1449,10595
2323,10595
1313,10595
7158,10595
9222,10595
1446,10595
1266,10595
10469,10595
6279,10595
9199,10595
10376,1283
6889,1283
2331,1283
9771,1283
7328,1283
6882,1283
9912,1283
1389,1283
1449,2782
2323,2782
1313,2782
1283,2782
9222,2782
1446,2782
1266,2782
10469,2782
6279,2782
9199,2782
1449,7134
2323,7134
1313,7134
1283,7134
9222,7134
1446,7134
1266,7134
10469,7134
6279,7134
9199,7134
1449,10584
2323,10584
1313,10584
1283,10584
9222,10584
1446,10584
1266,10584
10469,10584
6279,10584
9199,10584
10376,6223
6889,6223
2331,6223
9771,6223
6882,6223
9912,6223
8394,6223
7328,6223
4068,6223
1389,6223
1449,10415
2323,10415
1313,10415
6223,10415
9222,10415
1446,10415
1266,10415
10469,10415
6279,10415
9199,10415
1449,7795
2323,7795
1313,7795
6223,7795
9222,7795
1446,7795
1266,7795
10469,7795
6279,7795
9199,7795
10376,10349
6889,10349
2331,10349
9771,10349
6882,10349
9912,10349
8394,10349
7328,10349
4068,10349
1389,10349
1449,10157
2323,10157
1313,10157
10349,10157
9222,10157
1446,10157
1266,10157
10469,10157
6279,10157
9199,10157
1449,8316
2323,8316
1313,8316
10349,8316
9222,8316
1446,8316
1266,8316
10469,8316
6279,8316
9199,8316
10376,4525
6889,4525
2331,4525
9771,4525
6882,4525
9912,4525
7328,4525
1389,4525
1449,10831
2323,10831
1313,10831
4525,10831
9222,10831
1446,10831
1266,10831
10469,10831
6279,10831
9199,10831
1449,10159
2323,10159
1313,10159
4525,10159
9222,10159
1446,10159
1266,10159
10469,10159
6279,10159
9199,10159
1449,9406
2323,9406
1313,9406
4525,9406
9222,9406
1446,9406
1266,9406
10469,9406
6279,9406
9199,9406
10376,2591
6889,2591
2331,2591
9771,2591
6882,2591
9912,2591
7328,2591
1389,2591
1449,10607
2323,10607
1313,10607
2591,10607
9222,10607
1446,10607
1266,10607
10469,10607
6279,10607
9199,10607
1449,7024
2323,7024
1313,7024
2591,7024
9222,7024
1446,7024
1266,7024
10469,7024
6279,7024
9199,7024
1449,6092
2323,6092
1313,6092
2591,6092
9222,6092
1446,6092
1266,6092
10469,6092
6279,6092
9199,6092
10376,10823
6889,10823
2331,10823
9771,10823
6882,10823
9912,10823
7328,10823
1389,10823
1449,8625
2323,8625
1313,8625
10823,8625
9222,8625
1446,8625
1266,8625
10469,8625
6279,8625
9199,8625
1449,2470
2323,2470
1313,2470
10823,2470
9222,2470
1446,2470
1266,2470
10469,2470
6279,2470
9199,2470
1449,10400
2323,10400
1313,10400
10823,10400
9222,10400
1446,10400
1266,10400
10469,10400
6279,10400
9199,10400
10376,10652
6889,10652
2331,10652
9771,10652
6882,10652
9912,10652
7328,10652
1389,10652
1449,10135
2323,10135
1313,10135
10652,10135
9222,10135
1446,10135
1266,10135
10469,10135
6279,10135
9199,10135
1449,10156
2323,10156
1313,10156
10652,10156
9222,10156
1446,10156
1266,10156
10469,10156
6279,10156
9199,10156
1449,7907
2323,7907
1313,7907
10652,7907
9222,7907
1446,7907
1266,7907
10469,7907
6279,7907
9199,7907
10376,3968
6889,3968
2331,3968
9771,3968
6882,3968
9912,3968
7328,3968
1389,3968
1449,10829
2323,10829
1313,10829
3968,10829
9222,10829
1446,10829
1266,10829
10469,10829
6279,10829
9199,10829
1449,1291
2323,1291
1313,1291
3968,1291
9222,1291
1446,1291
1266,1291
10469,1291
6279,1291
9199,1291
10376,10419
6889,10419
2331,10419
9771,10419
6882,10419
9912,10419
7328,10419
1389,10419
1449,10610
2323,10610
1313,10610
10419,10610
9222,10610
1446,10610
1266,10610
10469,10610
6279,10610
9199,10610
1449,8785
2323,8785
1313,8785
10419,8785
9222,8785
1446,8785
1266,8785
10469,8785
6279,8785
9199,8785
10376,10822
6889,10822
2331,10822
9771,10822
6882,10822
9912,10822
7328,10822
1389,10822
1449,10705
2323,10705
1313,10705
10822,10705
9222,10705
1446,10705
1266,10705
10469,10705
6279,10705
9199,10705
1449,10133
2323,10133
1313,10133
10822,10133
9222,10133
1446,10133
1266,10133
10469,10133
6279,10133
9199,10133
10376,10654
6889,10654
2331,10654
9771,10654
6882,10654
9912,10654
7328,10654
1389,10654
1449,3949
2323,3949
1313,3949
10654,3949
9222,3949
1446,3949
1266,3949
10469,3949
6279,3949
9199,3949
1449,8469
2323,8469
1313,8469
10654,8469
9222,8469
1446,8469
1266,8469
10469,8469
6279,8469
9199,8469
1449,7525
2323,7525
1313,7525
10654,7525
9222,7525
1446,7525
1266,7525
10469,7525
6279,7525
9199,7525
10376,3657
6889,3657
2331,3657
9771,3657
6882,3657
9912,3657
7328,3657
1389,3657
1449,4368
2323,4368
1313,4368
3657,4368
9222,4368
1446,4368
1266,4368
10469,4368
6279,4368
9199,4368
1449,7545
2323,7545
1313,7545
3657,7545
9222,7545
1446,7545
1266,7545
10469,7545
6279,7545
9199,7545
1449,1385
2323,1385
1313,1385
3657,1385
9222,1385
1446,1385
1266,1385
10469,1385
6279,1385
9199,1385
10376,6220
6889,6220
2331,6220
9771,6220
6882,6220
9912,6220
7328,6220
1389,6220
1449,7034
2323,7034
1313,7034
6220,7034
9222,7034
1446,7034
1266,7034
10469,7034
6279,7034
9199,7034
1449,10149
2323,10149
1313,10149
6220,10149
9222,10149
1446,10149
1266,10149
10469,10149
6279,10149
9199,10149
1449,2431
2323,2431
1313,2431
6220,2431
9222,2431
1446,2431
1266,2431
10469,2431
6279,2431
9199,2431
10376,8653
6889,8653
2331,8653
9771,8653
6882,8653
9912,8653
7328,8653
1389,8653
1449,8821
2323,8821
1313,8821
8653,8821
9222,8821
1446,8821
1266,8821
10469,8821
6279,8821
9199,8821
1449,4045
2323,4045
1313,4045
8653,4045
9222,4045
1446,4045
1266,4045
10469,4045
6279,4045
9199,4045
1449,10136
2323,10136
1313,10136
8653,10136
9222,10136
1446,10136
1266,10136
10469,10136
6279,10136
9199,10136
10376,6225
6889,6225
2331,6225
9771,6225
6882,6225
9912,6225
7328,6225
10452,6225
1449,1290
2323,1290
1313,1290
6225,1290
9222,1290
1446,1290
1266,1290
10469,1290
6279,1290
9199,1290
1449,10450
2323,10450
1313,10450
6225,10450
9222,10450
1446,10450
1266,10450
10469,10450
6279,10450
9199,10450
10376,10633
6889,10633
2331,10633
9771,10633
6882,10633
9912,10633
7328,10633
10452,10633
1449,2823
2323,2823
1313,2823
10633,2823
9222,2823
1446,2823
1266,2823
10469,2823
6279,2823
9199,2823
1449,8005
2323,8005
1313,8005
10633,8005
9222,8005
1446,8005
1266,8005
10469,8005
6279,8005
9199,8005
10376,4854
6889,4854
2331,4854
9771,4854
6882,4854
9912,4854
7328,4854
10452,4854
1449,4447
2323,4447
1313,4447
4854,4447
9222,4447
1446,4447
1266,4447
10469,4447
6279,4447
9199,4447
1449,3047
2323,3047
1313,3047
4854,3047
9222,3047
1446,3047
1266,3047
10469,3047
6279,3047
9199,3047
10376,10452
6889,10452
2331,10452
9771,10452
7328,10452
8394,10452
5127,10452
2367,10452
6893,10452
2358,10452
10756,10452
4068,10452
10376,2854
6889,2854
2331,2854
9771,2854
6882,2854
9912,2854
7328,2854
10452,2854
1449,3339
2323,3339
1313,3339
2854,3339
9222,3339
1446,3339
1266,3339
10469,3339
6279,3339
9199,3339
1449,7355
2323,7355
1313,7355
2854,7355
9222,7355
1446,7355
1266,7355
10469,7355
6279,7355
9199,7355
10376,1285
6889,1285
2331,1285
9771,1285
6882,1285
9912,1285
8394,1285
7328,1285
4068,1285
10452,1285
1449,10372
2323,10372
1313,10372
1285,10372
9222,10372
1446,10372
1266,10372
10469,10372
6279,10372
9199,10372
1449,6084
2323,6084
1313,6084
1285,6084
9222,6084
1446,6084
1266,6084
10469,6084
6279,6084
9199,6084
10376,1386
6889,1386
2331,1386
9771,1386
6882,1386
9912,1386
7328,1386
10452,1386
1449,9697
2323,9697
1313,9697
1386,9697
9222,9697
1446,9697
1266,9697
10469,9697
6279,9697
9199,9697
1449,4833
2323,4833
1313,4833
1386,4833
9222,4833
1446,4833
1266,4833
10469,4833
6279,4833
9199,4833
10376,2871
6889,2871
2331,2871
9771,2871
6882,2871
9912,2871
7328,2871
10186,2871
10376,3737
6889,3737
2331,3737
9771,3737
6882,3737
9912,3737
7328,3737
10186,3737
10376,2801
6889,2801
2331,2801
9771,2801
6882,2801
9912,2801
7328,2801
10186,2801
10376,10186
8394,10186
6882,10186
9912,10186
4068,10186
2324,10186
2363,10186
5127,10186
6893,10186
2367,10186
7576,10186
10376,10824
6889,10824
2331,10824
9771,10824
6882,10824
9912,10824
7328,10824
10186,10824
6882,10191
9912,10191
9332,10191
1449,10347
2323,10347
1313,10347
10191,10347
9222,10347
1446,10347
1266,10347
10469,10347
6279,10347
9199,10347
6882,6864
9912,6864
9332,6864
1449,2892
2323,2892
1313,2892
6864,2892
9222,2892
1446,2892
1266,2892
10469,2892
6279,2892
9199,2892
6882,10195
9912,10195
9332,10195
1449,9951
2323,9951
1313,9951
10195,9951
9222,9951
1446,9951
1266,9951
10469,9951
6279,9951
9199,9951
6882,1355
9912,1355
9332,1355
1449,9526
2323,9526
1313,9526
1355,9526
9222,9526
1446,9526
1266,9526
10469,9526
6279,9526
9199,9526
6882,10193
9912,10193
9332,10193
1449,9924
2323,9924
1313,9924
10193,9924
9222,9924
1446,9924
1266,9924
10469,9924
6279,9924
9199,9924
6882,10076
9912,10076
9332,10076
1449,10165
2323,10165
1313,10165
10076,10165
9222,10165
1446,10165
1266,10165
10469,10165
6279,10165
9199,10165
10376,10418
8394,10418
2355,10418
5127,10418
2363,10418
6893,10418
2358,10418
10756,10418
4068,10418
10376,10184
6889,10184
2331,10184
9771,10184
6882,10184
9912,10184
7328,10184
10418,10184
1449,7060
2323,7060
1313,7060
10184,7060
9222,7060
1446,7060
1266,7060
10469,7060
6279,7060
9199,7060
1449,9190
2323,9190
1313,9190
10184,9190
9222,9190
1446,9190
1266,9190
10469,9190
6279,9190
9199,9190
1449,3719
2323,3719
1313,3719
10184,3719
9222,3719
1446,3719
1266,3719
10469,3719
6279,3719
9199,3719
10376,2615
6889,2615
2331,2615
9771,2615
6882,2615
9912,2615
7328,2615
10418,2615
1449,6098
2323,6098
1313,6098
2615,6098
9222,6098
1446,6098
1266,6098
10469,6098
6279,6098
9199,6098
1449,10589
2323,10589
1313,10589
2615,10589
9222,10589
1446,10589
1266,10589
10469,10589
6279,10589
9199,10589
1449,8016
2323,8016
1313,8016
2615,8016
9222,8016
1446,8016
1266,8016
10469,8016
6279,8016
9199,8016
10376,10635
6889,10635
2331,10635
9771,10635
6882,10635
9912,10635
7328,10635
10418,10635
1449,7776
2323,7776
1313,7776
10635,7776
9222,7776
1446,7776
1266,7776
10469,7776
6279,7776
9199,7776
1449,8426
2323,8426
1313,8426
10635,8426
9222,8426
1446,8426
1266,8426
10469,8426
6279,8426
9199,8426
1449,2559
2323,2559
1313,2559
10635,2559
9222,2559
1446,2559
1266,2559
10469,2559
6279,2559
9199,2559
10376,8429
6889,8429
2331,8429
9771,8429
6882,8429
9912,8429
7328,8429
10418,8429
1449,7125
2323,7125
1313,7125
8429,7125
9222,7125
1446,7125
1266,7125
10469,7125
6279,7125
9199,7125
1449,7829
2323,7829
1313,7829
8429,7829
9222,7829
1446,7829
1266,7829
10469,7829
6279,7829
9199,7829
1449,10614
2323,10614
1313,10614
8429,10614
9222,10614
1446,10614
1266,10614
10469,10614
6279,10614
9199,10614
10376,6865
6889,6865
2331,6865
9771,6865
6882,6865
9912,6865
7328,6865
9484,6865
1449,10117
2323,10117
1313,10117
6865,10117
9222,10117
1446,10117
1266,10117
10469,10117
6279,10117
9199,10117
1449,6221
2323,6221
1313,6221
6865,6221
9222,6221
1446,6221
1266,6221
10469,6221
6279,6221
9199,6221
10376,9484
6889,9484
2331,9484
9771,9484
7328,9484
8394,9484
2358,9484
10756,9484
5127,9484
2363,9484
2355,9484
6893,9484
4068,9484
10376,2653
6889,2653
2331,2653
9771,2653
6882,2653
9912,2653
7328,2653
9484,2653
1449,8170
2323,8170
1313,8170
2653,8170
9222,8170
1446,8170
1266,8170
10469,8170
6279,8170
9199,8170
1449,10598
2323,10598
1313,10598
2653,10598
9222,10598
1446,10598
1266,10598
10469,10598
6279,10598
9199,10598
10376,9494
6889,9494
2331,9494
9771,9494
6882,9494
9912,9494
8394,9494
7328,9494
7576,9494
6893,9494
5127,9494
10376,7725
6889,7725
2331,7725
9771,7725
6882,7725
9912,7725
7328,7725
7576,7725
5127,7725
10376,9670
6889,9670
2331,9670
9771,9670
6882,9670
9912,9670
7328,9670
7576,9670
2367,9670
10376,9228
6889,9228
2331,9228
9771,9228
6882,9228
9912,9228
8394,9228
7328,9228
7576,9228
2367,9228
6893,9228
10376,3470
6889,3470
2331,3470
9771,3470
6882,3470
9912,3470
7328,3470
7576,3470
4068,3470
10376,10646
6889,10646
2331,10646
9771,10646
6882,10646
9912,10646
8394,10646
7328,10646
7576,10646
5127,10646
6893,10646
10376,10624
6889,10624
2331,10624
9771,10624
6882,10624
9912,10624
8394,10624
7328,10624
7576,10624
10756,10624
6893,10624
10376,10194
6889,10194
2331,10194
9771,10194
6882,10194
9912,10194
7328,10194
7576,10194
6893,10194
10376,4847
6889,4847
2331,4847
9771,4847
6882,4847
9912,4847
8394,4847
7328,4847
7576,4847
6893,4847
10756,4847
10376,10623
6889,10623
2331,10623
9771,10623
6882,10623
9912,10623
7328,10623
7576,10623
10756,10623
10376,3008
6889,3008
2331,3008
9771,3008
6882,3008
9912,3008
7328,3008
7576,3008
4068,3008
10376,2810
6889,2810
2331,2810
9771,2810
6882,2810
9912,2810
7328,2810
7576,2810
2367,2810
10376,6870
6889,6870
2331,6870
9771,6870
7328,6870
8394,6870
6893,6870
2367,6870
10756,6870
6882,6870
9912,6870
2324,6870
2358,6870
2355,6870
5127,6870
8453,6870
4068,6870
6882,7859
9912,7859
6870,7859
1449,7128
2323,7128
1313,7128
7859,7128
9222,7128
1446,7128
1266,7128
10469,7128
6279,7128
9199,7128
1449,10586
2323,10586
1313,10586
7859,10586
9222,10586
1446,10586
1266,10586
10469,10586
6279,10586
9199,10586
1449,10583
2323,10583
1313,10583
7859,10583
9222,10583
1446,10583
1266,10583
10469,10583
6279,10583
9199,10583
1449,7824
2323,7824
1313,7824
7859,7824
9222,7824
1446,7824
1266,7824
10469,7824
6279,7824
9199,7824
6882,10655
9912,10655
6870,10655
1449,10361
2323,10361
1313,10361
10655,10361
9222,10361
1446,10361
1266,10361
10469,10361
6279,10361
9199,10361
1449,10163
2323,10163
1313,10163
10655,10163
9222,10163
1446,10163
1266,10163
10469,10163
6279,10163
9199,10163
1449,10603
2323,10603
1313,10603
10655,10603
9222,10603
1446,10603
1266,10603
10469,10603
6279,10603
9199,10603
1449,3579
2323,3579
1313,3579
10655,3579
9222,3579
1446,3579
1266,3579
10469,3579
6279,3579
9199,3579
6882,10638
9912,10638
6870,10638
1449,9075
2323,9075
1313,9075
10638,9075
9222,9075
1446,9075
1266,9075
10469,9075
6279,9075
9199,9075
1449,10601
2323,10601
1313,10601
10638,10601
9222,10601
1446,10601
1266,10601
10469,10601
6279,10601
9199,10601
1449,8467
2323,8467
1313,8467
10638,8467
9222,8467
1446,8467
1266,8467
10469,8467
6279,8467
9199,8467
1449,10388
2323,10388
1313,10388
10638,10388
9222,10388
1446,10388
1266,10388
10469,10388
6279,10388
9199,10388
6882,10181
9912,10181
6870,10181
1449,10828
2323,10828
1313,10828
10181,10828
9222,10828
1446,10828
1266,10828
10469,10828
6279,10828
9199,10828
1449,10408
2323,10408
1313,10408
10181,10408
9222,10408
1446,10408
1266,10408
10469,10408
6279,10408
9199,10408
1449,10168
2323,10168
1313,10168
10181,10168
9222,10168
1446,10168
1266,10168
10469,10168
6279,10168
9199,10168
1449,10104
2323,10104
1313,10104
10181,10104
9222,10104
1446,10104
1266,10104
10469,10104
6279,10104
9199,10104
6882,10201
9912,10201
6870,10201
1449,1289
2323,1289
1313,1289
10201,1289
9222,1289
1446,1289
1266,1289
10469,1289
6279,1289
9199,1289
1449,10145
2323,10145
1313,10145
10201,10145
9222,10145
1446,10145
1266,10145
10469,10145
6279,10145
9199,10145
1449,2622
2323,2622
1313,2622
10201,2622
9222,2622
1446,2622
1266,2622
10469,2622
6279,2622
9199,2622
6882,9628
9912,9628
6870,9628
1449,3995
2323,3995
1313,3995
9628,3995
9222,3995
1446,3995
1266,3995
10469,3995
6279,3995
9199,3995
1449,7577
2323,7577
1313,7577
9628,7577
9222,7577
1446,7577
1266,7577
10469,7577
6279,7577
9199,7577
1449,10007
2323,10007
1313,10007
9628,10007
9222,10007
1446,10007
1266,10007
10469,10007
6279,10007
9199,10007
6882,1286
9912,1286
6870,1286
1449,10143
2323,10143
1313,10143
1286,10143
9222,10143
1446,10143
1266,10143
10469,10143
6279,10143
9199,10143
1449,2640
2323,2640
1313,2640
1286,2640
9222,2640
1446,2640
1266,2640
10469,2640
6279,2640
9199,2640
1449,10582
2323,10582
1313,10582
1286,10582
9222,10582
1446,10582
1266,10582
10469,10582
6279,10582
9199,10582
6882,7202
9912,7202
6870,7202
1449,10612
2323,10612
1313,10612
7202,10612
9222,10612
1446,10612
1266,10612
10469,10612
6279,10612
9199,10612
1449,6087
2323,6087
1313,6087
7202,6087
9222,6087
1446,6087
1266,6087
10469,6087
6279,6087
9199,6087
1449,3761
2323,3761
1313,3761
7202,3761
9222,3761
1446,3761
1266,3761
10469,3761
6279,3761
9199,3761
10376,8191
6889,8191
2331,8191
9771,8191
6882,8191
9912,8191
7328,8191
6866,8191
1449,6997
2323,6997
1313,6997
8191,6997
9222,6997
1446,6997
1266,6997
10469,6997
6279,6997
9199,6997
1449,4856
2323,4856
1313,4856
8191,4856
9222,4856
1446,4856
1266,4856
10469,4856
6279,4856
9199,4856
10376,10375
6889,10375
2331,10375
9771,10375
6882,10375
9912,10375
7328,10375
6866,10375
1449,9657
2323,9657
1313,9657
10375,9657
9222,9657
1446,9657
1266,9657
10469,9657
6279,9657
9199,9657
1449,6096
2323,6096
1313,6096
10375,6096
9222,6096
1446,6096
1266,6096
10469,6096
6279,6096
9199,6096
6882,10653
9912,10653
9332,10653
1449,10172
2323,10172
1313,10172
10653,10172
9222,10172
1446,10172
1266,10172
10469,10172
6279,10172
9199,10172
6882,10643
9912,10643
9332,10643
1449,10590
2323,10590
1313,10590
10643,10590
9222,10590
1446,10590
1266,10590
10469,10590
6279,10590
9199,10590
6882,7507
9912,7507
9332,7507
1449,8956
2323,8956
1313,8956
7507,8956
9222,8956
1446,8956
1266,8956
10469,8956
6279,8956
9199,8956
6882,8125
9912,8125
9332,8125
1449,10409
2323,10409
1313,10409
8125,10409
9222,10409
1446,10409
1266,10409
10469,10409
6279,10409
9199,10409
6882,10224
9912,10224
10627,10224
1449,9049
2323,9049
1313,9049
10224,9049
9222,9049
1446,9049
1266,9049
10469,9049
6279,9049
9199,9049
1449,2829
2323,2829
1313,2829
10224,2829
9222,2829
1446,2829
1266,2829
10469,2829
6279,2829
9199,2829
6882,10632
9912,10632
10627,10632
1449,10615
2323,10615
1313,10615
10632,10615
9222,10615
1446,10615
1266,10615
10469,10615
6279,10615
9199,10615
1449,8862
2323,8862
1313,8862
10632,8862
9222,8862
1446,8862
1266,8862
10469,8862
6279,8862
9199,8862
6882,10176
9912,10176
10627,10176
1449,10706
2323,10706
1313,10706
10176,10706
9222,10706
1446,10706
1266,10706
10469,10706
6279,10706
9199,10706
1449,3040
2323,3040
1313,3040
10176,3040
9222,3040
1446,3040
1266,3040
10469,3040
6279,3040
9199,3040
6882,8447
9912,8447
10627,8447
1449,8884
2323,8884
1313,8884
8447,8884
9222,8884
1446,8884
1266,8884
10469,8884
6279,8884
9199,8884
1449,8656
2323,8656
1313,8656
8447,8656
9222,8656
1446,8656
1266,8656
10469,8656
6279,8656
9199,8656
10376,10439
6889,10439
2331,10439
9771,10439
8394,10439
2358,10439
5127,10439
6893,10439
2363,10439
2367,10439
10756,10439
7576,10439
6882,10439
9912,10439
4068,10439
2324,10439
6882,10346
9912,10346
8472,10346
1449,2944
2323,2944
1313,2944
10346,2944
9222,2944
1446,2944
1266,2944
10469,2944
6279,2944
9199,2944
6882,10637
9912,10637
8472,10637
1449,10594
2323,10594
1313,10594
10637,10594
9222,10594
1446,10594
1266,10594
10469,10594
6279,10594
9199,10594
6882,10202
9912,10202
8472,10202
1449,3934
2323,3934
1313,3934
10202,3934
9222,3934
1446,3934
1266,3934
10469,3934
6279,3934
9199,3934
6882,3990
9912,3990
8472,3990
1449,1374
2323,1374
1313,1374
3990,1374
9222,1374
1446,1374
1266,1374
10469,1374
6279,1374
9199,1374
6882,10430
9912,10430
9630,10430
1449,10608
2811,10608
2323,10608
3537,10608
1313,10608
10430,10608
9222,10608
1446,10608
1266,10608
1450,10608
10469,10608
6279,10608
9199,10608
1449,10827
2811,10827
2323,10827
3537,10827
1313,10827
10430,10827
9222,10827
1446,10827
1266,10827
10469,10827
6279,10827
9199,10827
6882,10185
9912,10185
9630,10185
1449,10255
2811,10255
2323,10255
3537,10255
1313,10255
10185,10255
9222,10255
1446,10255
1266,10255
10469,10255
6279,10255
9199,10255
6882,10198
9912,10198
9630,10198
1449,10256
2811,10256
2323,10256
1313,10256
10198,10256
9222,10256
1446,10256
1266,10256
10469,10256
6279,10256
9199,10256
6882,10383
9912,10383
9630,10383
1449,10585
2811,10585
2323,10585
1313,10585
10383,10585
9222,10585
1446,10585
1266,10585
10469,10585
6279,10585
9199,10585
6882,10183
9912,10183
9630,10183
1449,9353
2811,9353
2323,9353
3537,9353
1313,9353
10183,9353
9222,9353
1446,9353
1266,9353
10469,9353
6279,9353
9199,9353
6882,10650
9912,10650
9630,10650
1449,2820
2811,2820
2323,2820
3537,2820
1313,2820
10650,2820
9222,2820
1446,2820
1266,2820
10469,2820
6279,2820
9199,2820
1449,10155
2811,10155
2323,10155
3537,10155
1313,10155
10650,10155
9222,10155
1446,10155
1266,10155
10469,10155
6279,10155
9199,10155
6882,10647
9912,10647
9630,10647
1449,4498
2811,4498
2323,4498
1313,4498
10647,4498
9222,4498
1446,4498
1266,4498
10469,4498
6279,4498
9199,4498
1449,10410
2811,10410
2323,10410
1313,10410
10647,10410
9222,10410
1446,10410
1266,10410
10469,10410
6279,10410
9199,10410
6882,10631
9912,10631
9630,10631
1449,8553
2811,8553
2323,8553
1313,8553
10631,8553
9222,8553
1446,8553
1266,8553
10469,8553
6279,8553
9199,8553
1449,8161
2811,8161
2323,8161
1313,8161
10631,8161
9222,8161
1446,8161
1266,8161
10469,8161
6279,8161
9199,8161
6882,10416
9912,10416
9630,10416
1449,7162
2811,7162
2323,7162
1313,7162
10416,7162
9222,7162
1446,7162
1266,7162
10469,7162
6279,7162
9199,7162
1449,8959
2811,8959
2323,8959
1313,8959
10416,8959
9222,8959
1446,8959
1266,8959
10469,8959
6279,8959
9199,8959
6882,5141
9912,5141
9630,5141
1449,10411
2811,10411
2323,10411
3537,10411
1313,10411
5141,10411
9222,10411
1446,10411
1266,10411
10469,10411
6279,10411
9199,10411
1449,10441
2811,10441
2323,10441
3537,10441
1313,10441
5141,10441
9222,10441
1446,10441
1266,10441
10469,10441
6279,10441
9199,10441
6882,10825
9912,10825
9630,10825
1449,10421
2811,10421
2323,10421
3537,10421
1313,10421
10825,10421
9222,10421
1446,10421
1266,10421
10469,10421
6279,10421
9199,10421
6882,10170
9912,10170
9630,10170
1449,10617
2811,10617
2323,10617
1313,10617
10170,10617
9222,10617
1446,10617
1266,10617
10469,10617
6279,10617
9199,10617
6882,4467
9912,4467
9630,4467
1449,7603
2811,7603
2323,7603
1313,7603
4467,7603
9222,7603
1446,7603
1266,7603
10469,7603
6279,7603
9199,7603
10376,10644
6889,10644
2734,10644
2331,10644
9771,10644
6882,10644
9912,10644
7328,10644
4068,10644
10376,10492
6889,10492
2734,10492
2331,10492
9771,10492
6882,10492
9912,10492
7328,10492
4068,10492
6882,6963
9912,6963
9630,6963
1449,9640
2811,9640
2323,9640
3537,9640
1313,9640
6963,9640
9222,9640
1446,9640
1266,9640
10469,9640
6279,9640
9199,9640
10376,9630
6889,9630
2331,9630
9771,9630
8394,9630
7328,9630
2355,9630
5127,9630
8114,9630
2358,9630
6893,9630
10756,9630
10656,9630
4068,9630
10376,10174
6889,10174
2331,10174
9771,10174
7328,10174
8394,10174
6882,10174
9912,10174
5127,10174
10656,10174
8114,10174
4068,10174
2355,10174
1449,6095
2811,6095
2323,6095
1313,6095
10174,6095
9222,6095
1446,6095
1266,6095
10469,6095
6279,6095
9199,6095
6882,10205
9912,10205
9630,10205
1449,10144
2811,10144
2323,10144
1313,10144
10205,10144
9222,10144
1446,10144
1266,10144
10469,10144
6279,10144
9199,10144
1449,10402
2811,10402
2323,10402
1313,10402
10205,10402
9222,10402
1446,10402
1266,10402
10469,10402
6279,10402
9199,10402
6882,10634
9912,10634
9630,10634
1449,10407
2811,10407
2323,10407
3537,10407
1313,10407
10634,10407
9222,10407
1446,10407
1266,10407
10469,10407
6279,10407
9199,10407
1449,8814
2811,8814
2323,8814
3537,8814
1313,8814
10634,8814
9222,8814
1446,8814
1266,8814
10469,8814
6279,8814
9199,8814
6882,10645
9912,10645
9630,10645
1449,4059
2811,4059
2323,4059
3537,4059
1313,4059
10645,4059
9222,4059
1446,4059
1266,4059
10469,4059
6279,4059
9199,4059
6882,10175
9912,10175
9630,10175
1449,9132
2811,9132
2323,9132
1313,9132
10175,9132
9222,9132
1446,9132
1266,9132
10469,9132
6279,9132
9199,9132
6882,8177
9912,8177
9630,8177
1449,9246
2811,9246
2323,9246
1313,9246
8177,9246
9222,9246
1446,9246
1266,9246
10469,9246
6279,9246
9199,9246
10376,8431
6889,8431
2331,8431
9771,8431
6882,8431
9912,8431
7328,8431
4068,8431
10376,9127
6889,9127
2331,9127
9771,9127
6882,9127
9912,9127
7328,9127
4068,9127
10376,8978
6889,8978
2331,8978
9771,8978
6882,8978
9912,8978
8394,8978
4068,8978
7576,8978
10756,8978
2358,8978
7328,8978
5127,8978
1449,3592
2323,3592
1313,3592
8978,3592
9222,3592
1446,3592
1266,3592
10469,3592
6279,3592
9199,3592
10376,7917
6889,7917
2331,7917
9771,7917
6882,7917
9912,7917
7328,7917
4068,7917
1449,2532
2323,2532
1313,2532
7917,2532
9222,2532
1446,2532
1266,2532
10469,2532
6279,2532
9199,2532
10376,10344
6889,10344
2331,10344
9771,10344
6882,10344
9912,10344
8394,10344
7328,10344
8729,10344
5127,10344
2367,10344
2358,10344
7576,10344
10756,10344
1449,2921
2323,2921
1313,2921
10344,2921
9222,2921
1446,2921
1266,2921
10469,2921
6279,2921
9199,2921
10376,5587
6889,5587
2331,5587
9771,5587
6882,5587
9912,5587
8394,5587
7328,5587
2358,5587
5127,5587
7576,5587
4068,5587
1449,8367
2323,8367
1313,8367
5587,8367
9222,8367
1446,8367
1266,8367
10469,8367
6279,8367
9199,8367
10376,7572
6889,7572
2331,7572
9771,7572
7328,7572
8394,7572
4068,7572
2358,7572
6893,7572
2355,7572
5127,7572
2367,7572
2360,7572
10756,7572
10376,6862
6889,6862
2331,6862
9771,6862
6882,6862
9912,6862
7328,6862
7572,6862
1449,4320
2323,4320
1313,4320
6862,4320
9222,4320
1446,4320
1266,4320
10469,4320
6279,4320
9199,4320
1449,7233
2323,7233
1313,7233
6862,7233
9222,7233
1446,7233
1266,7233
10469,7233
6279,7233
9199,7233
1449,10148
2323,10148
1313,10148
6862,10148
9222,10148
1446,10148
1266,10148
10469,10148
6279,10148
9199,10148
10376,10187
6889,10187
2331,10187
9771,10187
6882,10187
9912,10187
7328,10187
7572,10187
1449,6153
2323,6153
1313,6153
10187,6153
9222,6153
1446,6153
1266,6153
10469,6153
6279,6153
9199,6153
1449,10611
2323,10611
1313,10611
10187,10611
9222,10611
1446,10611
1266,10611
10469,10611
6279,10611
9199,10611
10376,10378
6889,10378
2331,10378
9771,10378
6882,10378
9912,10378
7328,10378
7572,10378
1449,10832
2323,10832
1313,10832
10378,10832
9222,10832
1446,10832
1266,10832
10469,10832
6279,10832
9199,10832
1449,10162
2323,10162
1313,10162
10378,10162
9222,10162
1446,10162
1266,10162
10469,10162
6279,10162
9199,10162
1449,10167
2323,10167
1313,10167
10378,10167
9222,10167
1446,10167
1266,10167
10469,10167
6279,10167
9199,10167
10376,8972
6889,8972
2331,8972
9771,8972
6882,8972
9912,8972
7328,8972
7572,8972
1449,4249
2323,4249
1313,4249
8972,4249
9222,4249
1446,4249
1266,4249
10469,4249
6279,4249
9199,4249
1449,4233
2323,4233
1313,4233
8972,4233
9222,4233
1446,4233
1266,4233
10469,4233
6279,4233
9199,4233
1449,10609
2323,10609
1313,10609
8972,10609
9222,10609
1446,10609
1266,10609
10469,10609
6279,10609
9199,10609
10376,8722
6889,8722
2331,8722
9771,8722
6882,8722
9912,8722
7328,8722
7572,8722
1449,3083
2323,3083
1313,3083
8722,3083
9222,3083
1446,3083
1266,3083
10469,3083
6279,3083
9199,3083
1449,6093
2323,6093
1313,6093
8722,6093
9222,6093
1446,6093
1266,6093
10469,6093
6279,6093
9199,6093
1449,10830
2323,10830
1313,10830
8722,10830
9222,10830
1446,10830
1266,10830
10469,10830
6279,10830
9199,10830
10376,8769
6889,8769
2331,8769
9771,8769
6882,8769
9912,8769
7328,8769
7572,8769
1449,10845
2323,10845
1313,10845
8769,10845
9222,10845
1446,10845
1266,10845
10469,10845
6279,10845
9199,10845
1449,10834
2323,10834
1313,10834
8769,10834
9222,10834
1446,10834
1266,10834
10469,10834
6279,10834
9199,10834
1449,2402
2323,2402
1313,2402
8769,2402
9222,2402
1446,2402
1266,2402
10469,2402
6279,2402
9199,2402
10376,10625
6889,10625
2331,10625
9771,10625
6882,10625
9912,10625
7328,10625
7572,10625
1449,9529
2323,9529
1313,9529
10625,9529
9222,9529
1446,9529
1266,9529
10469,9529
6279,9529
9199,9529
1449,3317
2323,3317
1313,3317
10625,3317
9222,3317
1446,3317
1266,3317
10469,3317
6279,3317
9199,3317
1449,10377
2323,10377
1313,10377
10625,10377
9222,10377
1446,10377
1266,10377
10469,10377
6279,10377
9199,10377
10376,10189
6889,10189
2331,10189
9771,10189
6882,10189
9912,10189
7328,10189
7572,10189
1449,3379
2323,3379
1313,3379
10189,3379
9222,3379
1446,3379
1266,3379
10469,3379
6279,3379
9199,3379
1449,10412
2323,10412
1313,10412
10189,10412
9222,10412
1446,10412
1266,10412
10469,10412
6279,10412
9199,10412
1449,7168
2323,7168
1313,7168
10189,7168
9222,7168
1446,7168
1266,7168
10469,7168
6279,7168
9199,7168
10376,10345
6889,10345
2331,10345
9771,10345
6882,10345
9912,10345
7328,10345
7572,10345
1449,7802
2323,7802
1313,7802
10345,7802
9222,7802
1446,7802
1266,7802
10469,7802
6279,7802
9199,7802
1449,7174
2323,7174
1313,7174
10345,7174
9222,7174
1446,7174
1266,7174
10469,7174
6279,7174
9199,7174
1449,10405
2323,10405
1313,10405
10345,10405
9222,10405
1446,10405
1266,10405
10469,10405
6279,10405
9199,10405
10376,3478
6889,3478
2331,3478
9771,3478
6882,3478
9912,3478
7328,3478
10452,3478
1449,9554
2323,9554
1313,9554
3478,9554
9222,9554
1446,9554
1266,9554
10469,9554
6279,9554
9199,9554
1449,7714
2323,7714
1313,7714
3478,7714
9222,7714
1446,7714
1266,7714
10469,7714
6279,7714
9199,7714
10376,9400
6889,9400
2331,9400
9771,9400
6882,9400
9912,9400
7328,9400
10452,9400
1449,10403
2323,10403
1313,10403
9400,10403
9222,10403
1446,10403
1266,10403
10469,10403
6279,10403
9199,10403
1449,2614
2323,2614
1313,2614
9400,2614
9222,2614
1446,2614
1266,2614
10469,2614
6279,2614
9199,2614
10376,8532
6889,8532
2331,8532
9771,8532
6882,8532
9912,8532
7328,8532
6866,8532
1449,10835
2323,10835
1313,10835
8532,10835
9222,10835
1446,10835
1266,10835
10469,10835
6279,10835
9199,10835
1449,10160
2323,10160
1313,10160
8532,10160
9222,10160
1446,10160
1266,10160
10469,10160
6279,10160
9199,10160
10376,10630
6889,10630
2331,10630
9771,10630
6882,10630
9912,10630
7328,10630
6866,10630
1449,7247
2323,7247
1313,7247
10630,7247
9222,7247
1446,7247
1266,7247
10469,7247
6279,7247
9199,7247
1449,8774
2323,8774
1313,8774
10630,8774
9222,8774
1446,8774
1266,8774
10469,8774
6279,8774
9199,8774
10376,2971
6889,2971
2331,2971
9771,2971
6882,2971
9912,2971
7328,2971
6866,2971
1449,10587
2323,10587
1313,10587
2971,10587
9222,10587
1446,10587
1266,10587
10469,10587
6279,10587
9199,10587
1449,4090
2323,4090
1313,4090
2971,4090
9222,4090
1446,4090
1266,4090
10469,4090
6279,4090
9199,4090
10376,6871
6889,6871
2331,6871
9771,6871
6882,6871
9912,6871
7328,6871
6866,6871
1449,10166
2323,10166
1313,10166
6871,10166
9222,10166
1446,10166
1266,10166
10469,10166
6279,10166
9199,10166
1449,10604
2323,10604
1313,10604
6871,10604
9222,10604
1446,10604
1266,10604
10469,10604
6279,10604
9199,10604
10376,3422
6889,3422
2331,3422
9771,3422
6882,3422
9912,3422
7328,3422
10417,3422
1449,10147
2323,10147
1313,10147
3422,10147
9222,10147
1446,10147
1266,10147
10469,10147
6279,10147
9199,10147
1449,1377
2323,1377
1313,1377
3422,1377
9222,1377
1446,1377
1266,1377
10469,1377
6279,1377
9199,1377
10376,10098
6889,10098
2331,10098
9771,10098
6882,10098
9912,10098
7328,10098
10417,10098
1449,3637
2323,3637
1313,3637
10098,3637
9222,3637
1446,3637
1266,3637
10469,3637
6279,3637
9199,3637
1449,10180
2323,10180
1313,10180
10098,10180
9222,10180
1446,10180
1266,10180
10469,10180
6279,10180
9199,10180
10376,10197
6889,10197
2331,10197
9771,10197
6882,10197
9912,10197
7328,10197
10417,10197
1449,6083
2323,6083
1313,6083
10197,6083
9222,6083
1446,6083
1266,6083
10469,6083
6279,6083
9199,6083
1449,8531
2323,8531
1313,8531
10197,8531
9222,8531
1446,8531
1266,8531
10469,8531
6279,8531
9199,8531
10376,9008
6889,9008
2331,9008
9771,9008
6882,9008
9912,9008
7328,9008
10417,9008
1449,9458
2323,9458
1313,9458
9008,9458
9222,9458
1446,9458
1266,9458
10469,9458
6279,9458
9199,9458
1449,8372
2323,8372
1313,8372
9008,8372
9222,8372
1446,8372
1266,8372
10469,8372
6279,8372
9199,8372
10376,10626
6889,10626
2331,10626
9771,10626
6882,10626
9912,10626
7328,10626
10417,10626
1449,3726
2323,3726
1313,3726
10626,3726
9222,3726
1446,3726
1266,3726
10469,3726
6279,3726
9199,3726
1449,3929
2323,3929
1313,3929
10626,3929
9222,3929
1446,3929
1266,3929
10469,3929
6279,3929
9199,3929
10376,10417
6889,10417
2331,10417
9771,10417
7328,10417
8394,10417
10756,10417
2367,10417
6893,10417
2358,10417
4068,10417
10376,2974
6889,2974
2331,2974
9771,2974
6882,2974
9912,2974
8394,2974
7328,2974
4068,2974
10417,2974
1449,10442
2323,10442
1313,10442
2974,10442
9222,10442
1446,10442
1266,10442
10469,10442
6279,10442
9199,10442
1449,10619
2323,10619
1313,10619
2974,10619
9222,10619
1446,10619
1266,10619
10469,10619
6279,10619
9199,10619
10376,10641
6889,10641
2331,10641
9771,10641
6882,10641
9912,10641
7328,10641
10417,10641
1449,2478
2323,2478
1313,2478
10641,2478
9222,2478
1446,2478
1266,2478
10469,2478
6279,2478
9199,2478
1449,10179
2323,10179
1313,10179
10641,10179
9222,10179
1446,10179
1266,10179
10469,10179
6279,10179
9199,10179
10376,10628
6889,10628
2331,10628
9771,10628
6882,10628
9912,10628
7328,10628
10417,10628
1449,9425
2323,9425
1313,9425
10628,9425
9222,9425
1446,9425
1266,9425
10469,9425
6279,9425
9199,9425
1449,10616
2323,10616
1313,10616
10628,10616
9222,10616
1446,10616
1266,10616
10469,10616
6279,10616
9199,10616
6882,9286
9912,9286
8472,9286
1449,10158
2323,10158
1313,10158
9286,10158
9222,10158
1446,10158
1266,10158
10469,10158
6279,10158
9199,10158
10376,8472
6889,8472
2331,8472
9771,8472
7328,8472
10848,8472
8394,8472
10657,8472
2358,8472
10756,8472
5127,8472
2367,8472
6893,8472
4068,8472
6882,3706
9912,3706
8472,3706
1449,9711
2323,9711
1313,9711
3706,9711
9222,9711
1446,9711
1266,9711
10469,9711
6279,9711
9199,9711
10376,9332
6889,9332
2331,9332
9771,9332
7328,9332
8394,9332
10848,9332
10657,9332
2358,9332
10756,9332
5127,9332
6893,9332
4068,9332
6882,9578
9912,9578
10648,9578
1449,7918
2323,7918
1313,7918
9578,7918
9222,7918
1446,7918
1266,7918
10469,7918
6279,7918
9199,7918
10376,10648
6889,10648
2331,10648
9771,10648
7328,10648
8394,10648
10848,10648
10657,10648
5127,10648
2363,10648
2358,10648
10756,10648
6893,10648
4068,10648
6882,10642
9912,10642
10648,10642
1449,10161
2323,10161
1313,10161
10642,10161
9222,10161
1446,10161
1266,10161
10469,10161
6279,10161
9199,10161
6882,7469
9912,7469
10648,7469
1449,10413
2323,10413
1313,10413
7469,10413
9222,10413
1446,10413
1266,10413
10469,10413
6279,10413
9199,10413
6882,3455
9912,3455
9332,3455
1449,3641
2323,3641
1313,3641
3455,3641
9222,3641
1446,3641
1266,3641
10469,3641
6279,3641
9199,3641
6882,10651
9912,10651
9332,10651
1449,8745
2323,8745
1313,8745
10651,8745
9222,8745
1446,8745
1266,8745
10469,8745
6279,8745
9199,8745
6882,8898
9912,8898
10648,8898
1449,9735
2323,9735
1313,9735
8898,9735
9222,9735
1446,9735
1266,9735
10469,9735
6279,9735
9199,9735
6882,10629
9912,10629
9332,10629
1449,7442
2323,7442
1313,7442
10629,7442
9222,7442
1446,7442
1266,7442
10469,7442
6279,7442
9199,7442
6882,10192
9912,10192
9332,10192
1449,7069
2323,7069
1313,7069
10192,7069
9222,7069
1446,7069
1266,7069
10469,7069
6279,7069
9199,7069
10376,10627
6889,10627
2331,10627
9771,10627
7328,10627
8394,10627
2355,10627
5127,10627
2363,10627
6893,10627
2358,10627
10756,10627
4068,10627
10376,9337
6889,9337
2331,9337
9771,9337
6882,9337
9912,9337
8394,9337
7328,9337
5127,9337
2358,9337
6893,9337
10756,9337
4068,9337
1449,10600
2323,10600
1313,10600
9337,10600
9222,10600
1446,10600
1266,10600
10469,10600
6279,10600
9199,10600
1449,10591
2323,10591
1313,10591
9337,10591
9222,10591
1446,10591
1266,10591
10469,10591
6279,10591
9199,10591
6882,4294
9912,4294
9332,4294
1449,10150
2323,10150
1313,10150
4294,10150
9222,10150
1446,10150
1266,10150
10469,10150
6279,10150
9199,10150
6882,4069
9912,4069
9332,4069
1449,8424
2323,8424
1313,8424
4069,8424
9222,8424
1446,8424
1266,8424
10469,8424
6279,8424
9199,8424
10376,10649
6889,10649
2331,10649
9771,10649
6882,10649
9912,10649
8394,10649
7328,10649
5127,10649
2358,10649
1449,10602
2323,10602
1313,10602
10649,10602
9222,10602
1446,10602
1266,10602
10469,10602
6279,10602
9199,10602
1449,10523
2323,10523
1313,10523
10649,10523
9222,10523
1446,10523
1266,10523
10469,10523
6279,10523
9199,10523
10376,9714
6889,9714
2331,9714
9771,9714
6882,9714
9912,9714
8394,9714
7328,9714
2358,9714
5127,9714
2367,9714
2355,9714
2363,9714
6893,9714
10756,9714
4068,9714
1449,4846
2323,4846
1313,4846
9714,4846
9222,4846
1446,4846
1266,4846
10469,4846
6279,4846
9199,4846
1449,6205
2323,6205
1313,6205
9714,6205
9222,6205
1446,6205
1266,6205
10469,6205
6279,6205
9199,6205
1449,3856
2323,3856
1313,3856
9714,3856
9222,3856
1446,3856
1266,3856
10469,3856
6279,3856
9199,3856
10376,10207
6889,10207
2331,10207
9771,10207
6882,10207
9912,10207
8394,10207
7328,10207
2358,10207
5127,10207
2367,10207
2355,10207
2363,10207
6893,10207
10756,10207
4068,10207
1449,10618
2323,10618
1313,10618
10207,10618
9222,10618
1446,10618
1266,10618
10469,10618
6279,10618
9199,10618
1449,10422
2323,10422
1313,10422
10207,10422
9222,10422
1446,10422
1266,10422
10469,10422
6279,10422
9199,10422
1449,3073
2323,3073
1313,3073
10207,3073
9222,3073
1446,3073
1266,3073
10469,3073
6279,3073
9199,3073
10376,8753
6889,8753
2331,8753
9771,8753
6882,8753
9912,8753
8394,8753
7328,8753
2358,8753
5127,8753
2367,8753
2355,8753
2363,8753
6893,8753
1449,10606
2323,10606
1313,10606
8753,10606
9222,10606
1446,10606
1266,10606
10469,10606
6279,10606
9199,10606
1449,8209
2323,8209
1313,8209
8753,8209
9222,8209
1446,8209
1266,8209
10469,8209
6279,8209
9199,8209
1449,4528
2323,4528
1313,4528
8753,4528
9222,4528
1446,4528
1266,4528
10469,4528
6279,4528
9199,4528
10376,5109
6889,5109
2331,5109
9771,5109
6882,5109
9912,5109
8394,5109
7328,5109
2358,5109
5127,5109
2367,5109
2355,5109
2363,5109
6893,5109
1449,9599
2323,9599
1313,9599
5109,9599
9222,9599
1446,9599
1266,9599
10469,9599
6279,9599
9199,9599
1449,8360
2323,8360
1313,8360
5109,8360
9222,8360
1446,8360
1266,8360
10469,8360
6279,8360
9199,8360
1449,6097
2323,6097
1313,6097
5109,6097
9222,6097
1446,6097
1266,6097
10469,6097
6279,6097
9199,6097
10376,1288
6889,1288
2331,1288
9771,1288
6882,1288
9912,1288
8394,1288
7328,1288
5127,1288
2367,1288
2355,1288
2358,1288
6893,1288
10756,1288
4068,1288
1449,4459
2323,4459
1313,4459
1288,4459
9222,4459
1446,4459
1266,4459
10469,4459
6279,4459
9199,4459
6882,10206
9912,10206
9332,10206
1449,1292
2323,1292
1313,1292
10206,1292
9222,1292
1446,1292
1266,1292
10469,1292
6279,1292
9199,1292
6882,4462
9912,4462
9332,4462
1449,10621
2323,10621
1313,10621
4462,10621
9222,10621
1446,10621
1266,10621
10469,10621
6279,10621
9199,10621
10376,7756
6889,7756
2331,7756
9771,7756
6882,7756
9912,7756
8394,7756
7328,7756
5127,7756
2367,7756
2355,7756
2358,7756
1449,10153
2323,10153
1313,10153
7756,10153
9222,10153
1446,10153
1266,10153
10469,10153
6279,10153
9199,10153
6882,10199
9912,10199
8354,10199
1449,2529
2811,2529
2323,2529
3537,2529
1313,2529
10199,2529
9222,2529
1446,2529
1266,2529
8266,2529
10469,2529
6279,2529
9199,2529
1449,10833
2811,10833
2323,10833
3537,10833
1313,10833
10199,10833
9222,10833
1446,10833
1266,10833
8266,10833
10469,10833
6279,10833
9199,10833
6882,9154
9912,9154
8354,9154
1449,9672
2811,9672
2323,9672
3537,9672
1313,9672
9154,9672
9222,9672
1446,9672
1266,9672
8266,9672
10469,9672
6279,9672
9199,9672
1449,10599
2811,10599
2323,10599
3537,10599
1313,10599
9154,10599
9222,10599
1446,10599
1266,10599
8266,10599
10469,10599
6279,10599
9199,10599
6882,9729
9912,9729
8354,9729
1449,10414
2811,10414
2323,10414
1313,10414
9729,10414
9222,10414
1446,10414
1266,10414
8266,10414
10469,10414
6279,10414
9199,10414
6882,8229
9912,8229
8354,8229
1449,9350
2811,9350
2323,9350
1313,9350
8229,9350
9222,9350
1446,9350
1266,9350
8266,9350
10469,9350
6279,9350
9199,9350
6882,10636
9912,10636
8354,10636
1449,8811
2811,8811
2323,8811
1313,8811
10636,8811
9222,8811
1446,8811
1266,8811
8266,8811
10469,8811
6279,8811
9199,8811
6882,10420
9912,10420
8354,10420
1449,10090
2811,10090
2323,10090
3537,10090
1313,10090
10420,10090
9222,10090
1446,10090
1266,10090
8266,10090
10469,10090
6279,10090
9199,10090
1449,2533
2811,2533
2323,2533
3537,2533
1313,2533
10420,2533
9222,2533
1446,2533
1266,2533
8266,2533
10469,2533
6279,2533
9199,2533
6882,7312
9912,7312
8354,7312
1449,6090
2811,6090
2323,6090
3537,6090
1313,6090
7312,6090
9222,6090
1446,6090
1266,6090
8266,6090
10469,6090
6279,6090
9199,6090
1449,3002
2811,3002
2323,3002
3537,3002
1313,3002
7312,3002
9222,3002
1446,3002
1266,3002
8266,3002
10469,3002
6279,3002
9199,3002
6882,9038
9912,9038
8354,9038
1449,10132
2811,10132
2323,10132
1313,10132
9038,10132
9222,10132
1446,10132
1266,10132
8266,10132
10469,10132
6279,10132
9199,10132
6882,10826
9912,10826
8354,10826
1449,4434
2811,4434
2323,4434
1313,4434
10826,4434
9222,4434
1446,4434
1266,4434
8266,4434
10469,4434
6279,4434
9199,4434
6882,10182
9912,10182
8354,10182
1449,10363
2323,10363
3537,10363
1313,10363
10182,10363
9222,10363
1446,10363
1266,10363
8266,10363
10469,10363
6279,10363
9199,10363
10376,8354
6889,8354
2331,8354
9771,8354
8550,8354
8394,8354
7328,8354
2355,8354
5127,8354
8984,8354
2358,8354
10756,8354
10656,8354
4068,8354
6882,10190
9912,10190
8354,10190
1449,10177
2811,10177
2323,10177
1313,10177
10190,10177
9222,10177
1446,10177
1266,10177
8266,10177
10469,10177
6279,10177
9199,10177
6882,4388
9912,4388
8354,4388
1449,10154
2811,10154
2323,10154
3537,10154
1313,10154
4388,10154
9222,10154
1446,10154
1266,10154
8266,10154
10469,10154
6279,10154
9199,10154
1449,10042
2811,10042
2323,10042
3537,10042
1313,10042
4388,10042
9222,10042
1446,10042
1266,10042
8266,10042
10469,10042
6279,10042
9199,10042
6882,2891
9912,2891
8354,2891
1449,7225
2811,7225
2323,7225
3537,7225
1313,7225
2891,7225
9222,7225
1446,7225
1266,7225
8266,7225
10469,7225
6279,7225
9199,7225
1449,1387
2811,1387
2323,1387
3537,1387
1313,1387
2891,1387
9222,1387
1446,1387
1266,1387
8266,1387
10469,1387
6279,1387
9199,1387
6882,10196
9912,10196
8354,10196
1449,6085
2811,6085
2323,6085
1313,6085
10196,6085
9222,6085
1446,6085
1266,6085
8266,6085
10469,6085
6279,6085
9199,6085
6882,2427
9912,2427
8354,2427
1449,10178
2811,10178
2323,10178
1313,10178
2427,10178
9222,10178
1446,10178
1266,10178
8266,10178
10469,10178
6279,10178
9199,10178
10376,5142
6889,5142
2331,5142
9771,5142
6882,5142
9912,5142
7328,5142
2789,5142
1449,10382
2323,10382
1313,10382
5142,10382
9222,10382
1446,10382
1266,10382
10469,10382
6279,10382
9199,10382
1449,10592
2323,10592
1313,10592
5142,10592
9222,10592
1446,10592
1266,10592
10469,10592
6279,10592
9199,10592
10376,10171
6889,10171
2331,10171
9771,10171
6882,10171
9912,10171
7328,10171
2789,10171
1449,7657
2323,7657
1313,7657
10171,7657
9222,7657
1446,7657
1266,7657
10469,7657
6279,7657
9199,7657
1449,10384
2323,10384
1313,10384
10171,10384
9222,10384
1446,10384
1266,10384
10469,10384
6279,10384
9199,10384
10376,7548
6889,7548
2331,7548
9771,7548
6882,7548
9912,7548
7328,7548
2789,7548
1449,10622
2323,10622
1313,10622
7548,10622
9222,10622
1446,10622
1266,10622
10469,10622
6279,10622
9199,10622
1449,6088
2323,6088
1313,6088
7548,6088
9222,6088
1446,6088
1266,6088
10469,6088
6279,6088
9199,6088
10376,7316
6889,7316
2331,7316
9771,7316
6882,7316
9912,7316
7328,7316
2789,7316
1449,3733
2323,3733
1313,3733
7316,3733
9222,3733
1446,3733
1266,3733
10469,3733
6279,3733
9199,3733
1449,10152
2323,10152
1313,10152
7316,10152
9222,10152
1446,10152
1266,10152
10469,10152
6279,10152
9199,10152
10376,10640
6889,10640
2331,10640
9771,10640
6882,10640
9912,10640
7328,10640
2789,10640
1449,10115
2323,10115
1313,10115
10640,10115
9222,10115
1446,10115
1266,10115
10469,10115
6279,10115
9199,10115
1449,4047
2323,4047
1313,4047
10640,4047
9222,4047
1446,4047
1266,4047
10469,4047
6279,4047
9199,4047
10376,9805
6889,9805
2331,9805
9771,9805
6882,9805
9912,9805
7328,9805
2789,9805
1449,4009
2323,4009
1313,4009
9805,4009
9222,4009
1446,4009
1266,4009
10469,4009
6279,4009
9199,4009
1449,4101
2323,4101
1313,4101
9805,4101
9222,4101
1446,4101
1266,4101
10469,4101
6279,4101
9199,4101
10376,7933
6889,7933
2331,7933
9771,7933
6882,7933
9912,7933
7328,7933
2789,7933
1449,10169
2323,10169
1313,10169
7933,10169
9222,10169
1446,10169
1266,10169
10469,10169
6279,10169
9199,10169
1449,7621
2323,7621
1313,7621
7933,7621
9222,7621
1446,7621
1266,7621
10469,7621
6279,7621
9199,7621
10376,8232
6889,8232
2331,8232
9771,8232
6882,8232
9912,8232
7328,8232
2789,8232
1449,9803
2323,9803
1313,9803
8232,9803
9222,9803
1446,9803
1266,9803
10469,9803
6279,9803
9199,9803
1449,8558
2323,8558
1313,8558
8232,8558
9222,8558
1446,8558
1266,8558
10469,8558
6279,8558
9199,8558
10376,10639
6889,10639
2331,10639
9771,10639
6882,10639
9912,10639
7328,10639
2789,10639
1449,10365
2323,10365
1313,10365
10639,10365
9222,10365
1446,10365
1266,10365
10469,10365
6279,10365
9199,10365
1449,10588
2323,10588
1313,10588
10639,10588
9222,10588
1446,10588
1266,10588
10469,10588
6279,10588
9199,10588
10376,9069
6889,9069
2331,9069
9771,9069
6882,9069
9912,9069
7328,9069
2789,9069
1449,10620
2323,10620
1313,10620
9069,10620
9222,10620
1446,10620
1266,10620
10469,10620
6279,10620
9199,10620
1449,10836
2323,10836
1313,10836
9069,10836
9222,10836
1446,10836
1266,10836
10469,10836
6279,10836
9199,10836
10376,9427
6889,9427
2331,9427
9771,9427
6882,9427
9912,9427
7328,9427
2789,9427
1449,10146
2323,10146
1313,10146
9427,10146
9222,10146
1446,10146
1266,10146
10469,10146
6279,10146
9199,10146
1449,10151
2323,10151
1313,10151
9427,10151
9222,10151
1446,10151
1266,10151
10469,10151
6279,10151
9199,10151
10376,8634
6889,8634
2331,8634
9771,8634
6882,8634
9912,8634
7328,8634
2789,8634
1449,10597
2323,10597
1313,10597
8634,10597
9222,10597
1446,10597
1266,10597
10469,10597
6279,10597
9199,10597
1449,10593
2323,10593
1313,10593
8634,10593
9222,10593
1446,10593
1266,10593
10469,10593
6279,10593
9199,10593
10376,8276
6889,8276
2331,8276
9771,8276
6882,8276
9912,8276
7328,8276
2789,8276
1449,8930
2323,8930
1313,8930
8276,8930
9222,8930
1446,8930
1266,8930
10469,8930
6279,8930
9199,8930
1449,10173
2323,10173
1313,10173
8276,10173
9222,10173
1446,10173
1266,10173
10469,10173
6279,10173
9199,10173
10376,7742
6889,7742
2331,7742
9771,7742
6882,7742
9912,7742
7328,7742
2789,7742
1449,9831
2323,9831
1313,9831
7742,9831
9222,9831
1446,9831
1266,9831
10469,9831
6279,9831
9199,9831
1449,8281
2323,8281
1313,8281
7742,8281
9222,8281
1446,8281
1266,8281
10469,8281
6279,8281
9199,8281
10376,10486
6889,10486
2331,10486
9771,10486
6882,10486
9912,10486
7328,10486
2789,10486
1449,3034
2323,3034
1313,3034
10486,3034
9222,3034
1446,3034
1266,3034
10469,3034
6279,3034
9199,3034
1449,8331
2323,8331
1313,8331
10486,8331
9222,8331
1446,8331
1266,8331
10469,8331
6279,8331
9199,8331
10376,10379
6889,10379
2331,10379
9771,10379
6882,10379
9912,10379
7328,10379
2789,10379
1449,10445
2323,10445
1313,10445
10379,10445
9222,10445
1446,10445
1266,10445
10469,10445
6279,10445
9199,10445
1449,9138
2323,9138
1313,9138
10379,9138
9222,9138
1446,9138
1266,9138
10469,9138
6279,9138
9199,9138
10376,10032
6889,10032
2331,10032
9771,10032
6882,10032
9912,10032
7328,10032
2789,10032
1449,9956
2323,9956
1313,9956
10032,9956
9222,9956
1446,9956
1266,9956
10469,9956
6279,9956
9199,9956
1449,3207
2323,3207
1313,3207
10032,3207
9222,3207
1446,3207
1266,3207
10469,3207
6279,3207
9199,3207
10376,1287
6889,1287
2331,1287
9771,1287
6882,1287
9912,1287
7328,1287
2789,1287
1449,10708
2323,10708
1313,10708
1287,10708
9222,10708
1446,10708
1266,10708
10469,10708
6279,10708
9199,10708
1449,4905
2323,4905
1313,4905
1287,4905
9222,4905
1446,4905
1266,4905
10469,4905
6279,4905
9199,4905
10376,9152
6889,9152
2331,9152
9771,9152
6882,9152
9912,9152
7328,9152
2789,9152
1449,10605
2323,10605
1313,10605
9152,10605
9222,10605
1446,10605
1266,10605
10469,10605
6279,10605
9199,10605
1449,10164
2323,10164
1313,10164
9152,10164
9222,10164
1446,10164
1266,10164
10469,10164
6279,10164
9199,10164
10376,8001
6889,8001
2331,8001
9771,8001
6882,8001
9912,8001
7328,8001
2789,8001
1449,8024
2323,8024
1313,8024
8001,8024
9222,8024
1446,8024
1266,8024
10469,8024
6279,8024
9199,8024
1449,6992
2323,6992
1313,6992
8001,6992
9222,6992
1446,6992
1266,6992
10469,6992
6279,6992
9199,6992
10376,2789
6889,2789
2331,2789
9771,2789
7328,2789
8394,2789
2367,2789
2355,2789
5127,2789
2358,2789
4068,2789
10756,2789
6893,2789
10376,3268
6882,3268
2370,3268
9912,3268
8927,3268
10376,7269
6889,7269
2331,7269
9771,7269
6882,7269
9912,7269
7328,7269
6866,7269
1449,10837
2323,10837
1313,10837
7269,10837
9222,10837
1446,10837
1266,10837
10469,10837
6279,10837
9199,10837
1449,9785
2323,9785
1313,9785
7269,9785
9222,9785
1446,9785
1266,9785
10469,9785
6279,9785
9199,9785
10376,6866
6889,6866
2331,6866
9771,6866
7328,6866
8394,6866
2367,6866
2355,6866
5127,6866
6893,6866
10756,6866
2358,6866
4068,6866
10376,8235
6889,8235
2331,8235
9771,8235
6882,8235
9912,8235
8394,8235
7328,8235
4068,8235
6866,8235
1449,3286
2323,3286
1313,3286
8235,3286
9222,3286
1446,3286
1266,3286
10469,3286
6279,3286
9199,3286
1449,3683
2323,3683
1313,3683
8235,3683
9222,3683
1446,3683
1266,3683
10469,3683
6279,3683
9199,3683
10376,9091
6889,9091
2331,9091
9771,9091
6882,9091
9912,9091
7328,9091
6866,9091
1449,10002
2323,10002
1313,10002
9091,10002
9222,10002
1446,10002
1266,10002
10469,10002
6279,10002
9199,10002
1449,8817
2323,8817
1313,8817
9091,8817
9222,8817
1446,8817
1266,8817
10469,8817
6279,8817
9199,8817
10376,10188
6889,10188
2331,10188
9771,10188
6882,10188
9912,10188
7328,10188
6866,10188
1449,10613
2323,10613
1313,10613
10188,10613
9222,10613
1446,10613
1266,10613
10469,10613
6279,10613
9199,10613
1449,2611
2323,2611
1313,2611
10188,2611
9222,2611
1446,2611
1266,2611
10469,2611
6279,2611
9199,2611
2331,9354
9771,9354
7328,9354
6070,9354
2351,4016
8499,4016
7266,4016
4293,10389
9587,10389
9104,10389
6886,10389
2334,10389
2350,10389
9662,10389
1262,10389
1381,10389
4858,10389
4032,10389
2344,7179
1693,7179
6100,1277
6100,4397
1262,3966
2372,3966
6882,3966
9662,7431
10514,7431
7878,7431
5311,7431
1381,7431
4858,7431
6896,7431
10533,7431
3755,7431
5311,10141
9890,10141
5317,3756
2337,3756
1381,3756
4858,3756
1382,3901
2338,3901
7110,8351
2337,8351
6882,8399
9912,8399
2344,1282
6100,1282
8730,1282
2802,1282
2734,1282
10576,1282
9927,1282
3609,1282
2723,1282
6919,1282
2365,1282
10389,1282
2351,1282
8499,1282
8680,1282
3238,1282
7266,1282
8741,1282
6100,1282
8730,1282
2802,1282
2734,1282
10576,1282
2723,1282
4016,1282
8730,1282
2802,1282
2734,1282
10576,1282
2723,1282
4016,1282
2366,1282
2323,10574
1313,10574
2323,8737
1313,8737
2323,10572
1313,10572
7328,7459
3054,10579
1260,10579
8394,10480
6893,10480
5127,10480
4032,10480
10376,10374
6889,10374
2734,10374
6882,10374
9912,10374
10844,10374
10577,10374
10578,10374
7046,10374
10387,10374
2601,10374
7127,10374
5293,10374
9843,10374
8394,10374
5127,10374
2355,10374
2358,10374
2367,10374
6893,10374
9021,10374
10566,10374
9392,10374
1449,6104
2323,6104
1313,6104
10374,6104
9222,6104
1446,6104
6279,6104
9199,6104
1266,6104
10469,6104
1449,7585
2323,7585
1313,7585
10374,7585
9222,7585
1446,7585
6279,7585
9199,7585
1266,7585
10469,7585
1449,6256
2323,6256
1313,6256
10374,6256
9222,6256
1446,6256
6279,6256
9199,6256
1266,6256
10469,6256
1449,8172
2323,8172
1313,8172
10374,8172
9222,8172
1446,8172
6279,8172
9199,8172
1266,8172
10469,8172
1449,2651
2323,2651
1313,2651
10374,2651
9222,2651
1446,2651
6279,2651
9199,2651
1266,2651
10469,2651
1449,1422
2323,1422
1313,1422
10374,1422
9222,1422
1446,1422
6279,1422
9199,1422
1266,1422
10469,1422
1449,1414
2323,1414
1313,1414
10374,1414
9222,1414
1446,1414
6279,1414
9199,1414
1266,1414
10469,1414
1449,6252
2323,6252
1313,6252
10374,6252
9222,6252
1446,6252
6279,6252
9199,6252
1266,6252
10469,6252
1449,6247
2323,6247
1313,6247
10374,6247
9222,6247
1446,6247
6279,6247
9199,6247
1266,6247
10469,6247
10376,2655
6889,2655
2734,2655
6882,2655
9912,2655
10844,2655
10577,2655
10578,2655
7046,2655
10387,2655
2601,2655
7127,2655
5293,2655
9843,2655
8394,2655
5127,2655
2355,2655
2358,2655
2367,2655
6893,2655
9021,2655
10566,2655
9392,2655
1449,10710
2323,10710
1313,10710
2655,10710
9222,10710
1446,10710
6279,10710
9199,10710
1266,10710
10469,10710
1449,6241
2323,6241
1313,6241
2655,6241
9222,6241
1446,6241
6279,6241
9199,6241
1266,6241
10469,6241
1449,1393
2323,1393
1313,1393
2655,1393
9222,1393
1446,1393
6279,1393
9199,1393
1266,1393
10469,1393
1449,3001
2323,3001
1313,3001
2655,3001
9222,3001
1446,3001
6279,3001
9199,3001
1266,3001
10469,3001
1449,6091
2323,6091
1313,6091
2655,6091
9222,6091
1446,6091
6279,6091
9199,6091
1266,6091
10469,6091
1449,6239
2323,6239
1313,6239
2655,6239
9222,6239
1446,6239
6279,6239
9199,6239
1266,6239
10469,6239
1449,6237
2323,6237
1313,6237
2655,6237
9222,6237
1446,6237
6279,6237
9199,6237
1266,6237
10469,6237
10376,8366
6889,8366
2734,8366
6882,8366
9912,8366
10844,8366
10577,8366
10578,8366
7046,8366
3152,8366
9021,8366
10566,8366
9392,8366
3871,8366
1449,6094
2323,6094
1313,6094
8366,6094
9222,6094
1446,6094
6279,6094
9199,6094
1266,6094
10469,6094
1449,1308
2323,1308
1313,1308
8366,1308
9222,1308
1446,1308
6279,1308
9199,1308
1266,1308
10469,1308
1449,9946
2323,9946
1313,9946
8366,9946
9222,9946
1446,9946
6279,9946
9199,9946
1266,9946
10469,9946
8394,7460
10756,7460
4032,7460
4032,3849
6889,4051
2734,4051
6882,4051
9912,4051
10844,4051
10577,4051
10578,4051
2331,4051
2999,4051
7046,4051
2324,4051
4068,4051
9214,4051
8090,4051
8394,4051
5127,4051
10387,4051
2355,4051
2358,4051
2363,4051
2357,4051
10376,1435
4051,1435
1449,2869
2323,2869
1313,2869
1435,2869
9222,2869
1446,2869
6279,2869
9199,2869
1266,2869
10469,2869
1449,4334
2323,4334
1313,4334
1435,4334
9222,4334
1446,4334
6279,4334
9199,4334
1266,4334
10469,4334
1449,6234
2323,6234
1313,6234
1435,6234
9222,6234
1446,6234
6279,6234
9199,6234
1266,6234
10469,6234
1449,1402
2323,1402
1313,1402
1435,1402
9222,1402
1446,1402
6279,1402
9199,1402
1266,1402
10469,1402
10376,1429
4051,1429
1449,6236
2323,6236
1313,6236
1429,6236
9222,6236
1446,6236
6279,6236
9199,6236
1266,6236
10469,6236
1449,1398
2323,1398
1313,1398
1429,1398
9222,1398
1446,1398
6279,1398
9199,1398
1266,1398
10469,1398
1449,1399
2323,1399
1313,1399
1429,1399
9222,1399
1446,1399
6279,1399
9199,1399
1266,1399
10469,1399
1449,1404
2323,1404
1313,1404
1429,1404
9222,1404
1446,1404
6279,1404
9199,1404
1266,1404
10469,1404
10376,10359
6889,10359
2734,10359
6882,10359
9912,10359
9214,10359
2331,10359
9771,10359
7328,10359
8394,10359
5127,10359
2358,10359
10756,10359
1449,1396
2323,1396
1313,1396
10359,1396
9222,1396
1446,1396
6279,1396
9199,1396
1266,1396
10469,1396
10376,6264
6889,6264
2734,6264
6882,6264
9912,6264
10844,6264
10577,6264
8394,6264
10578,6264
7046,6264
2363,6264
2358,6264
5127,6264
2367,6264
9021,6264
10566,6264
9392,6264
2811,4503
2323,4503
3537,4503
1313,4503
6264,4503
9222,4503
1446,4503
6279,4503
9199,4503
1266,4503
6278,4503
4864,4503
10469,4503
2811,1413
2323,1413
3537,1413
1313,1413
6264,1413
9222,1413
1446,1413
6279,1413
9199,1413
1266,1413
6278,1413
4864,1413
10469,1413
1449,1411
2323,1411
1313,1411
6264,1411
9222,1411
1446,1411
6279,1411
9199,1411
1266,1411
10469,1411
1449,1303
2323,1303
1313,1303
6264,1303
9222,1303
1446,1303
6279,1303
9199,1303
1266,1303
10469,1303
10376,9611
6889,9611
2734,9611
6882,9611
9912,9611
10844,9611
10577,9611
8394,9611
10578,9611
7046,9611
2363,9611
2358,9611
5127,9611
7127,9611
2367,9611
9021,9611
10566,9611
9392,9611
2811,1293
2323,1293
3537,1293
1313,1293
9611,1293
9222,1293
1446,1293
6279,1293
9199,1293
1266,1293
6278,1293
4864,1293
10469,1293
2811,9321
2323,9321
3537,9321
1313,9321
9611,9321
9222,9321
1446,9321
6279,9321
9199,9321
1266,9321
6278,9321
4864,9321
10469,9321
1449,4299
2323,4299
1313,4299
9611,4299
9222,4299
1446,4299
6279,4299
9199,4299
1266,4299
10469,4299
10376,1423
6889,1423
2734,1423
6882,1423
9912,1423
10844,1423
10577,1423
8394,1423
10578,1423
7046,1423
2363,1423
2358,1423
5127,1423
10756,1423
9021,1423
10566,1423
9392,1423
2811,10086
2323,10086
3537,10086
1313,10086
1423,10086
9222,10086
1446,10086
6279,10086
9199,10086
1266,10086
6278,10086
4864,10086
10469,10086
2811,9775
2323,9775
3537,9775
1313,9775
1423,9775
9222,9775
1446,9775
6279,9775
9199,9775
1266,9775
6278,9775
4864,9775
10469,9775
1449,8174
2323,8174
1313,8174
1423,8174
9222,8174
1446,8174
6279,8174
9199,8174
1266,8174
10469,8174
10376,1301
6889,1301
2734,1301
6882,1301
9912,1301
10844,1301
10577,1301
8394,1301
10578,1301
7046,1301
2363,1301
2358,1301
5127,1301
2811,3702
2323,3702
3537,3702
1313,3702
1301,3702
9222,3702
1446,3702
6279,3702
9199,3702
1266,3702
6278,3702
4864,3702
10469,3702
2811,1394
2323,1394
3537,1394
1313,1394
1301,1394
9222,1394
1446,1394
6279,1394
9199,1394
1266,1394
6278,1394
4864,1394
10469,1394
1449,6089
2323,6089
1313,6089
1301,6089
9222,6089
1446,6089
6279,6089
9199,6089
1266,6089
10469,6089
10376,8176
6889,8176
2734,8176
6882,8176
9912,8176
9214,8176
9843,8176
7127,8176
8394,8176
6102,8176
2363,8176
5127,8176
8984,8176
10844,8176
10577,8176
10578,8176
7046,8176
2324,8176
1449,6243
2323,6243
1313,6243
8176,6243
9222,6243
1446,6243
6279,6243
9199,6243
1266,6243
10469,6243
8266,6243
6278,1421
4250,1421
1449,1421
2323,1421
1313,1421
8176,1421
9222,1421
1446,1421
6279,1421
9199,1421
1266,1421
10469,1421
8266,1421
1449,1419
2323,1419
1313,1419
8176,1419
9222,1419
1446,1419
6279,1419
9199,1419
1266,1419
10469,1419
8266,1419
10376,9750
6882,9750
9912,9750
8394,9750
5127,9750
2358,9750
2363,9750
1449,3342
1313,3342
9750,3342
9222,3342
1446,3342
6279,3342
9199,3342
1266,3342
10469,3342
1449,1403
1313,1403
9750,1403
9222,1403
1446,1403
6279,1403
9199,1403
1266,1403
10469,1403
10376,4872
6889,4872
2734,4872
6882,4872
9912,4872
4068,4872
1449,4022
1313,4022
4872,4022
9222,4022
1446,4022
6279,4022
9199,4022
1266,4022
10469,4022
1449,6257
1313,6257
4872,6257
9222,6257
1446,6257
6279,6257
9199,6257
1266,6257
10469,6257
10376,1300
6889,1300
2734,1300
6882,1300
9912,1300
4068,1300
1449,1415
1313,1415
1300,1415
9222,1415
1446,1415
6279,1415
9199,1415
1266,1415
10469,1415
1449,4407
1313,4407
1300,4407
9222,4407
1446,4407
6279,4407
9199,4407
1266,4407
10469,4407
10376,1428
6889,1428
2734,1428
6882,1428
9912,1428
4068,1428
1449,1412
1313,1412
1428,1412
9222,1412
1446,1412
6279,1412
9199,1412
1266,1412
10469,1412
1449,9477
1313,9477
1428,9477
9222,9477
1446,9477
6279,9477
9199,9477
1266,9477
10469,9477
10376,1299
6889,1299
2734,1299
6882,1299
9912,1299
6893,1299
1449,7014
1313,7014
1299,7014
9222,7014
1446,7014
6279,7014
9199,7014
1266,7014
10469,7014
1449,9369
1313,9369
1299,9369
9222,9369
1446,9369
6279,9369
9199,9369
1266,9369
10469,9369
6889,7596
6882,7596
9912,7596
8579,7596
2351,7596
8499,7596
8394,7596
6893,7596
9866,7596
2324,7596
2357,7596
1449,7096
2323,7096
1313,7096
7596,7096
9222,7096
1446,7096
6279,7096
9199,7096
1266,7096
10469,7096
1449,10840
2323,10840
1313,10840
7596,10840
9222,10840
1446,10840
6279,10840
9199,10840
1266,10840
10469,10840
10376,10368
6882,10368
2370,10368
9912,10368
10369,10368
1449,4871
6278,4871
4250,4871
1313,4871
10368,4871
9222,4871
1446,4871
6279,4871
9199,4871
1266,4871
10469,4871
1449,6951
6278,6951
4250,6951
1313,6951
10368,6951
9222,6951
1446,6951
6279,6951
9199,6951
1266,6951
10469,6951
10376,8837
6882,8837
2370,8837
9912,8837
10369,8837
1449,7622
6278,7622
4250,7622
1313,7622
8837,7622
9222,7622
1446,7622
6279,7622
9199,7622
1266,7622
10469,7622
1449,7835
6278,7835
4250,7835
1313,7835
8837,7835
9222,7835
1446,7835
6279,7835
9199,7835
1266,7835
10469,7835
9214,10369
9843,10369
7127,10369
8394,10369
8114,10369
3054,10369
2372,10369
9912,10369
2324,10369
2355,10369
5127,10369
2363,10369
6163,10369
10376,6261
6882,6261
2370,6261
9912,6261
10369,6261
1449,3958
6278,3958
4250,3958
1313,3958
6261,3958
9222,3958
1446,3958
6279,3958
9199,3958
1266,3958
10469,3958
1449,6230
6278,6230
4250,6230
1313,6230
6261,6230
9222,6230
1446,6230
6279,6230
9199,6230
1266,6230
10469,6230
10376,3852
6889,3852
6882,3852
9912,3852
10844,3852
10577,3852
7046,3852
10578,3852
6163,3852
1449,4333
2323,4333
1313,4333
3852,4333
9222,4333
1446,4333
6279,4333
9199,4333
1266,4333
10469,4333
1449,7242
2323,7242
1313,7242
3852,7242
9222,7242
1446,7242
6279,7242
9199,7242
1266,7242
10469,7242
1449,6231
2323,6231
1313,6231
3852,6231
9222,6231
1446,6231
6279,6231
9199,6231
1266,6231
10469,6231
1449,7681
2323,7681
1313,7681
3852,7681
9222,7681
1446,7681
6279,7681
9199,7681
1266,7681
10469,7681
1449,1306
2323,1306
1313,1306
3852,1306
9222,1306
1446,1306
6279,1306
9199,1306
1266,1306
10469,1306
1449,9061
2323,9061
1313,9061
3852,9061
9222,9061
1446,9061
6279,9061
9199,9061
1266,9061
10469,9061
1449,6228
2323,6228
1313,6228
3852,6228
9222,6228
1446,6228
6279,6228
9199,6228
1266,6228
10469,6228
10376,3727
6882,3727
9912,3727
8394,3727
5127,3727
2358,3727
2363,3727
10756,3727
1449,10838
1313,10838
3727,10838
9222,10838
1446,10838
6279,10838
9199,10838
1266,10838
10469,10838
1449,8213
1313,8213
3727,8213
9222,8213
1446,8213
6279,8213
9199,8213
1266,8213
10469,8213
10376,7437
6882,7437
9912,7437
8394,7437
5127,7437
2358,7437
2363,7437
10756,7437
1449,1392
1313,1392
7437,1392
9222,1392
1446,1392
6279,1392
9199,1392
1266,1392
10469,1392
1449,1390
1313,1390
7437,1390
9222,1390
1446,1390
6279,1390
9199,1390
1266,1390
10469,1390
10376,1297
6889,1297
2734,1297
6882,1297
9912,1297
10844,1297
10577,1297
7046,1297
10578,1297
9843,1297
10387,1297
5293,1297
7127,1297
8394,1297
5127,1297
2363,1297
2358,1297
2367,1297
6893,1297
9021,1297
10566,1297
9392,1297
1449,10712
2323,10712
1313,10712
1297,10712
9222,10712
1446,10712
6279,10712
9199,10712
1266,10712
10469,10712
1449,7383
2323,7383
1313,7383
1297,7383
9222,7383
1446,7383
6279,7383
9199,7383
1266,7383
10469,7383
1449,6249
2323,6249
1313,6249
1297,6249
9222,6249
1446,6249
6279,6249
9199,6249
1266,6249
10469,6249
1449,7566
2323,7566
1313,7566
1297,7566
9222,7566
1446,7566
6279,7566
9199,7566
1266,7566
10469,7566
10376,9469
6889,9469
2734,9469
6882,9469
9912,9469
4410,9469
4862,9469
10577,9469
7046,9469
10844,9469
8394,9469
8453,9469
3405,9469
4863,9469
8090,9469
1449,1409
2323,1409
1313,1409
9469,1409
9222,1409
1446,1409
6279,1409
9199,1409
1266,1409
4879,1409
10469,1409
1449,2518
2323,2518
1313,2518
9469,2518
9222,2518
1446,2518
6279,2518
9199,2518
1266,2518
4879,2518
10469,2518
8394,5241
6893,5241
4032,5241
8394,8498
2367,8498
6893,8498
4032,8498
8394,1441
2367,1441
10756,1441
6893,1441
4032,1441
9214,1440
9843,1440
2355,1440
10580,1440
2360,1440
10387,9308
7127,9308
8394,9308
2367,9308
2363,9308
5127,9308
3907,9308
9214,5242
8394,5242
5127,5242
2358,5242
3907,5242
7127,5242
8394,1443
8499,1443
2367,1443
2363,1443
2351,1443
4032,1443
8394,3152
5127,3152
6893,1439
4068,1439
9214,4867
8394,4867
5127,4867
10756,4867
6889,9866
10577,9866
7046,9866
10578,9866
9021,9866
10566,9866
9214,4865
9843,4865
8394,4865
8114,4865
7127,4865
2355,4865
5127,4865
9214,6260
9843,6260
8394,6260
7127,6260
2363,6260
5127,6260
8984,6260
9214,4881
8394,4881
4068,4881
8394,7773
5127,7773
8394,10519
10387,10519
5293,10519
5127,10519
2358,10519
10387,9695
5293,9695
8394,9695
5127,9695
2358,9695
2363,9695
4032,9695
9843,6163
10387,6163
5293,6163
7127,6163
8394,6163
5127,6163
2363,6163
2358,6163
2367,6163
6893,6163
9771,2999
7328,2999
2734,2999
2734,5244
2331,4410
7328,4410
2734,4887
2734,1298
7328,7691
9214,4862
8394,4862
5127,4862
3907,4862
2358,4862
10756,4862
7328,9411
9771,9411
7459,9411
9214,9411
2734,9411
9214,9789
2734,9789
8394,9789
2358,9789
5127,9789
10756,9789
9214,6258
7328,6259
9214,6259
9843,6259
3907,6259
10577,6259
7330,6259
7046,6259
8394,6259
7127,6259
5127,6259
10580,6259
10817,6259
2734,6259
7328,6284
2734,6284
8394,6284
4068,6284
3907,6284
10566,2754
9214,1444
7127,1444
7046,1444
8394,1444
2355,1444
10580,1444
5127,1444
8114,1444
10817,1444
9214,9161
7046,9161
8394,9161
2355,9161
10580,9161
8114,9161
10817,9161
8394,8091
4068,8091
10756,8091
2358,8091
8394,6286
5127,6286
2358,6286
9771,9452
7328,9452
10577,9452
2331,10844
7328,10844
9214,9392
2734,9392
2331,9392
4068,9392
8984,9392
9214,4863
8394,4863
5127,4863
10756,4863
2358,4863
4068,4863
9214,8570
8394,8570
5127,8570
10756,8570
2358,8570
8394,3871
4068,3871
2358,3871
2367,3871
5127,3871
9843,8650
1443,8650
7127,8650
8394,8650
8499,8650
2360,8650
2351,8650
2367,8650
2363,8650
5127,8650
9308,8650
10577,8650
7046,8650
6893,8650
8090,8650
3907,8650
10376,8591
6889,8591
2734,8591
9214,1426
5127,1426
9789,1426
1449,2909
2323,2909
1313,2909
8591,2909
9222,2909
1446,2909
6279,2909
9199,2909
1266,2909
4879,2909
10469,2909
1449,1305
2323,1305
1313,1305
8591,1305
9222,1305
1446,1305
6279,1305
9199,1305
1266,1305
4879,1305
10469,1305
1449,6233
2811,6233
2323,6233
1313,6233
8591,6233
9222,6233
1446,6233
6279,6233
9199,6233
1266,6233
4879,6233
10469,6233
1449,8782
2323,8782
1313,8782
8591,8782
9222,8782
1446,8782
6279,8782
9199,8782
1266,8782
4879,8782
10469,8782
10376,7052
6889,7052
2734,7052
6882,7052
9912,7052
10844,7052
10577,7052
7046,7052
10578,7052
9843,7052
10387,7052
5293,7052
7127,7052
8394,7052
5127,7052
2355,7052
2358,7052
2367,7052
6893,7052
9021,7052
10566,7052
9392,7052
1449,1401
2323,1401
1313,1401
7052,1401
9222,1401
1446,1401
6279,1401
9199,1401
1266,1401
10469,1401
1449,6240
2323,6240
1313,6240
7052,6240
9222,6240
1446,6240
6279,6240
9199,6240
1266,6240
10469,6240
1449,10505
2323,10505
1313,10505
7052,10505
9222,10505
1446,10505
6279,10505
9199,10505
1266,10505
10469,10505
1449,1405
2323,1405
1313,1405
7052,1405
9222,1405
1446,1405
6279,1405
9199,1405
1266,1405
10469,1405
6889,2515
6882,2515
9912,2515
10844,2515
10577,2515
7046,2515
8579,2515
2351,2515
8499,2515
9214,2515
2324,2515
1449,6964
2323,6964
1313,6964
2515,6964
9222,6964
1446,6964
6279,6964
9199,6964
1266,6964
10469,6964
1449,6107
2323,6107
1313,6107
2515,6107
9222,6107
1446,6107
6279,6107
9199,6107
1266,6107
10469,6107
10376,3710
6889,3710
2734,3710
6882,3710
9912,3710
10844,3710
10577,3710
7046,3710
9214,3710
2324,3710
1449,8120
2323,8120
1313,8120
3710,8120
9222,8120
1446,8120
6279,8120
9199,8120
1266,8120
10469,8120
10376,1433
6889,1433
2734,1433
6882,1433
9912,1433
9214,1433
8394,1433
5127,1433
2358,1433
10756,1433
1449,10536
1313,10536
1433,10536
9222,10536
1446,10536
6279,10536
9199,10536
1266,10536
10469,10536
1449,2510
1313,2510
1433,2510
9222,2510
1446,2510
6279,2510
9199,2510
1266,2510
10469,2510
1449,6242
1313,6242
1433,6242
9222,6242
1446,6242
6279,6242
9199,6242
1266,6242
10469,6242
1449,10018
1313,10018
1433,10018
9222,10018
1446,10018
6279,10018
9199,10018
1266,10018
10469,10018
1449,7053
1313,7053
1433,7053
9222,7053
1446,7053
6279,7053
9199,7053
1266,7053
10469,7053
1449,6245
1313,6245
1433,6245
9222,6245
1446,6245
6279,6245
9199,6245
1266,6245
10469,6245
1449,10715
1313,10715
1433,10715
9222,10715
1446,10715
6279,10715
9199,10715
1266,10715
10469,10715
1449,8065
1313,8065
1433,8065
9222,8065
1446,8065
6279,8065
9199,8065
1266,8065
10469,8065
1449,8670
1313,8670
1433,8670
9222,8670
1446,8670
6279,8670
9199,8670
1266,8670
10469,8670
1449,7511
1313,7511
1433,7511
9222,7511
1446,7511
6279,7511
9199,7511
1266,7511
10469,7511
10376,1434
6889,1434
2734,1434
6882,1434
9912,1434
2331,1434
2999,1434
4410,1434
10844,1434
7046,1434
9021,1434
10566,1434
10577,1434
8394,1434
1298,1434
9214,1434
5127,1434
9392,1434
4068,1434
1449,8193
2323,8193
1313,8193
1434,8193
9222,8193
1446,8193
6279,8193
9199,8193
1266,8193
10469,8193
1449,4868
2323,4868
1313,4868
1434,4868
9222,4868
1446,4868
6279,4868
9199,4868
1266,4868
10469,4868
1449,8081
2323,8081
1313,8081
1434,8081
9222,8081
1446,8081
6279,8081
9199,8081
1266,8081
10469,8081
10376,9373
6889,9373
6882,9373
9912,9373
9214,9373
9843,9373
7127,9373
8394,9373
4068,9373
8114,9373
2355,9373
5127,9373
6278,1391
4250,1391
1449,1391
1313,1391
9373,1391
9222,1391
1446,1391
6279,1391
9199,1391
1266,1391
10469,1391
8394,5243
2367,5243
10756,5243
4032,5243
8394,4874
2367,4874
4032,4874
10376,10843
6889,10843
2734,10843
6882,10843
2370,10843
9912,10843
3759,10843
1449,10839
6278,10839
4250,10839
1313,10839
10843,10839
9222,10839
1446,10839
6279,10839
9199,10839
1266,10839
10469,10839
1449,1406
6278,1406
4250,1406
1313,1406
10843,1406
9222,1406
1446,1406
6279,1406
9199,1406
1266,1406
10469,1406
10376,2598
6889,2598
2734,2598
6882,2598
2370,2598
9912,2598
3759,2598
1449,1410
6278,1410
4250,1410
1313,1410
2598,1410
9222,1410
1446,1410
6279,1410
9199,1410
1266,1410
10469,1410
1449,9379
6278,9379
4250,9379
1313,9379
2598,9379
9222,9379
1446,9379
6279,9379
9199,9379
1266,9379
10469,9379
9214,3759
9843,3759
7127,3759
8114,3759
8394,3759
4466,3759
5127,3759
10756,3759
3054,3759
2372,3759
9912,3759
2324,3759
2355,3759
2363,3759
2357,3759
10376,9705
6889,9705
2734,9705
6882,9705
2370,9705
9912,9705
3759,9705
1449,2425
6278,2425
4250,2425
1313,2425
9705,2425
9222,2425
1446,2425
6279,2425
9199,2425
1266,2425
10469,2425
1449,9765
6278,9765
4250,9765
1313,9765
9705,9765
9222,9765
1446,9765
6279,9765
9199,9765
1266,9765
10469,9765
10376,1420
6889,1420
2734,1420
6882,1420
9912,1420
9214,1420
9843,1420
7127,1420
2331,1420
2999,1420
8394,1420
2363,1420
5127,1420
6893,1420
2324,1420
10376,2546
6889,2546
2734,2546
6882,2546
9912,2546
9214,2546
9843,2546
7127,2546
2331,2546
2999,2546
8394,2546
2363,2546
5127,2546
6893,2546
2324,2546
10376,7512
6889,7512
2734,7512
6882,7512
9912,7512
9214,7512
9843,7512
7127,7512
2331,7512
2999,7512
8394,7512
2363,7512
5127,7512
2324,7512
10376,1438
6889,1438
2734,1438
6882,1438
2370,1438
9912,1438
4866,1438
1449,4135
6278,4135
4250,4135
1313,4135
1438,4135
9222,4135
1446,4135
6279,4135
9199,4135
1266,4135
10469,4135
4864,4135
1449,8484
6278,8484
4250,8484
1313,8484
1438,8484
9222,8484
1446,8484
6279,8484
9199,8484
1266,8484
10469,8484
4864,8484
10376,8720
6889,8720
2734,8720
6882,8720
2370,8720
9912,8720
4866,8720
1449,4869
6278,4869
4250,4869
1313,4869
8720,4869
9222,4869
1446,4869
6279,4869
9199,4869
1266,4869
10469,4869
4864,4869
1449,10503
6278,10503
4250,10503
1313,10503
8720,10503
9222,10503
1446,10503
6279,10503
9199,10503
1266,10503
10469,10503
4864,10503
9214,4866
9843,4866
7127,4866
8394,4866
8114,4866
8984,4866
3054,4866
2372,4866
9912,4866
2324,4866
2355,4866
5127,4866
2363,4866
2357,4866
10376,8909
6889,8909
2734,8909
6882,8909
2370,8909
9912,8909
4866,8909
1449,10713
6278,10713
4250,10713
1313,10713
8909,10713
9222,10713
1446,10713
6279,10713
9199,10713
1266,10713
10469,10713
4864,10713
1449,8207
6278,8207
4250,8207
1313,8207
8909,8207
9222,8207
1446,8207
6279,8207
9199,8207
1266,8207
10469,8207
4864,8207
10376,7734
6889,7734
2734,7734
6882,7734
9912,7734
10844,7734
10577,7734
7046,7734
2331,7734
2999,7734
1298,7734
10578,7734
9308,7734
9214,7734
4068,7734
9789,7734
1449,7763
2323,7763
1313,7763
7734,7763
9222,7763
1446,7763
6279,7763
9199,7763
1266,7763
10469,7763
1449,6263
2323,6263
1313,6263
7734,6263
9222,6263
1446,6263
6279,6263
9199,6263
1266,6263
10469,6263
1449,1424
2323,1424
1313,1424
7734,1424
9222,1424
1446,1424
6279,1424
9199,1424
1266,1424
10469,1424
1449,4295
2323,4295
1313,4295
7734,4295
9222,4295
1446,4295
6279,4295
9199,4295
1266,4295
10469,4295
10376,7133
6889,7133
2734,7133
6882,7133
9912,7133
9866,7133
1449,6246
2323,6246
1313,6246
7133,6246
9222,6246
1446,6246
6279,6246
9199,6246
1266,6246
10469,6246
1449,1307
2811,1307
2323,1307
1313,1307
7133,1307
9222,1307
1446,1307
6279,1307
9199,1307
1266,1307
10469,1307
1449,6227
2323,6227
1313,6227
7133,6227
9222,6227
1446,6227
6279,6227
9199,6227
1266,6227
10469,6227
10376,4873
6889,4873
2734,4873
6882,4873
9912,4873
10844,4873
10577,4873
7046,4873
2331,4873
2999,4873
1298,4873
10578,4873
9214,4873
10756,4873
9789,4873
1449,3775
2323,3775
1313,3775
4873,3775
9222,3775
1446,3775
6279,3775
9199,3775
1266,3775
10469,3775
1449,5235
2323,5235
1313,5235
4873,5235
9222,5235
1446,5235
6279,5235
9199,5235
1266,5235
10469,5235
1449,9135
2323,9135
1313,9135
4873,9135
9222,9135
1446,9135
6279,9135
9199,9135
1266,9135
10469,9135
1449,3025
2323,3025
1313,3025
4873,3025
9222,3025
1446,3025
6279,3025
9199,3025
1266,3025
10469,3025
10376,2776
6889,2776
2734,2776
6882,2776
9912,2776
2357,2776
6889,6269
2734,6269
6882,6269
9912,6269
10844,6269
10566,6269
10578,6269
10577,6269
4865,6269
9021,6269
9392,6269
1449,3095
2811,3095
2323,3095
1313,3095
6269,3095
9222,3095
1446,3095
1266,3095
6279,3095
9199,3095
1449,3249
2811,3249
2323,3249
1313,3249
6269,3249
9222,3249
1446,3249
1266,3249
10469,3249
8266,3249
6279,3249
9199,3249
1449,10711
2811,10711
2323,10711
1313,10711
6269,10711
9222,10711
1446,10711
1266,10711
10469,10711
8266,10711
6279,10711
9199,10711
10376,3896
6889,3896
2734,3896
6882,3896
9912,3896
8091,3896
6260,3896
1449,6238
1342,6238
1313,6238
3896,6238
9222,6238
1446,6238
1266,6238
10469,6238
9565,6238
6279,6238
9199,6238
10376,6267
6889,6267
2734,6267
6882,6267
9912,6267
10844,6267
10577,6267
10578,6267
7046,6267
8394,6267
4068,6267
6260,6267
1449,2452
2323,2452
1313,2452
6267,2452
9222,2452
1446,2452
10469,2452
8266,2452
6279,2452
9199,2452
2323,8647
1313,8647
6267,8647
9222,8647
1446,8647
1266,8647
10469,8647
8266,8647
6279,8647
9199,8647
2323,9176
1313,9176
6267,9176
9222,9176
1446,9176
1266,9176
10469,9176
9565,9176
6279,9176
9199,9176
2323,8804
1313,8804
6267,8804
9222,8804
1446,8804
1266,8804
10469,8804
8266,8804
6279,8804
9199,8804
1449,4870
2323,4870
1313,4870
6267,4870
9222,4870
1446,4870
1266,4870
10469,4870
9565,4870
6279,4870
9199,4870
1449,6254
2323,6254
1313,6254
6267,6254
9222,6254
1446,6254
1266,6254
10469,6254
8266,6254
6279,6254
9199,6254
10376,8832
6889,8832
2734,8832
6882,8832
9912,8832
10844,8832
10577,8832
10578,8832
9843,8832
7046,8832
8394,8832
2601,8832
10387,8832
7127,8832
5293,8832
3405,8832
6893,8832
2363,8832
2358,8832
10756,8832
2355,8832
5127,8832
2324,8832
8090,8832
9021,8832
10566,8832
9392,8832
1449,8364
2323,8364
1313,8364
8832,8364
9222,8364
1446,8364
6279,8364
9199,8364
1266,8364
10469,8364
1449,5236
2323,5236
1313,5236
8832,5236
9222,5236
1446,5236
6279,5236
9199,5236
1266,5236
10469,5236
1449,8451
2323,8451
1313,8451
8832,8451
9222,8451
1446,8451
6279,8451
9199,8451
1266,8451
10469,8451
1449,6250
6278,6250
4250,6250
1313,6250
9086,6250
9222,6250
1446,6250
6279,6250
9199,6250
1266,6250
10469,6250
1449,9549
6278,9549
4250,9549
1313,9549
9086,9549
9222,9549
1446,9549
6279,9549
9199,9549
1266,9549
10469,9549
1449,5237
6278,5237
4250,5237
1313,5237
9086,5237
9222,5237
1446,5237
6279,5237
9199,5237
1266,5237
10469,5237
4864,5237
1449,7938
6278,7938
4250,7938
1313,7938
9086,7938
9222,7938
1446,7938
6279,7938
9199,7938
1266,7938
10469,7938
4864,7938
1449,10034
6278,10034
4250,10034
1313,10034
9086,10034
9222,10034
1446,10034
6279,10034
9199,10034
1266,10034
10469,10034
4864,10034
1449,9189
6278,9189
4250,9189
1313,9189
9086,9189
9222,9189
1446,9189
6279,9189
9199,9189
1266,9189
10469,9189
4864,9189
1449,7995
6278,7995
4250,7995
1313,7995
9086,7995
9222,7995
1446,7995
6279,7995
9199,7995
1266,7995
10469,7995
1449,6265
6278,6265
4250,6265
1313,6265
9086,6265
9222,6265
1446,6265
6279,6265
9199,6265
1266,6265
10469,6265
6882,9086
2370,9086
9912,9086
9214,9086
8394,9086
8309,9086
6893,9086
2324,9086
7127,9086
2363,9086
5127,9086
2357,9086
1449,6232
6278,6232
4250,6232
1313,6232
1430,6232
9222,6232
1446,6232
6279,6232
9199,6232
1266,6232
10469,6232
1449,1397
6278,1397
4250,1397
1313,1397
1430,1397
9222,1397
1446,1397
6279,1397
9199,1397
1266,1397
10469,1397
1449,6244
6278,6244
4250,6244
1313,6244
1430,6244
9222,6244
1446,6244
6279,6244
9199,6244
1266,6244
10469,6244
1449,3101
6278,3101
4250,3101
1313,3101
1430,3101
9222,3101
1446,3101
6279,3101
9199,3101
1266,3101
10469,3101
1449,10841
6278,10841
4250,10841
1313,10841
1430,10841
9222,10841
1446,10841
6279,10841
9199,10841
1266,10841
10469,10841
1449,3837
6278,3837
4250,3837
1313,3837
1430,3837
9222,3837
1446,3837
6279,3837
9199,3837
1266,3837
10469,3837
1449,10072
6278,10072
4250,10072
1313,10072
1430,10072
9222,10072
1446,10072
6279,10072
9199,10072
1266,10072
10469,10072
1449,3935
6278,3935
4250,3935
1313,3935
1430,3935
9222,3935
1446,3935
6279,3935
9199,3935
1266,3935
10469,3935
1449,2484
6278,2484
4250,2484
1313,2484
1430,2484
9222,2484
1446,2484
6279,2484
9199,2484
1266,2484
10469,2484
4864,2484
1449,9481
6278,9481
4250,9481
1313,9481
1430,9481
9222,9481
1446,9481
6279,9481
9199,9481
1266,9481
10469,9481
4864,9481
1449,6248
6278,6248
4250,6248
1313,6248
3782,6248
9222,6248
1446,6248
6279,6248
9199,6248
1266,6248
10469,6248
1449,8238
6278,8238
4250,8238
1313,8238
3782,8238
9222,8238
1446,8238
6279,8238
9199,8238
1266,8238
10469,8238
6882,3782
2370,3782
9912,3782
9214,3782
8394,3782
8309,3782
6893,3782
2324,3782
7127,3782
2363,3782
5127,3782
2357,3782
1449,9601
1313,9601
1430,9601
9222,9601
1446,9601
6279,9601
9199,9601
1266,9601
10469,9601
6278,9601
4864,9601
1449,7236
1313,7236
1430,7236
9222,7236
1446,7236
6279,7236
9199,7236
1266,7236
10469,7236
6278,7236
4864,7236
1449,6251
1313,6251
1430,6251
9222,6251
1446,6251
6279,6251
9199,6251
1266,6251
10469,6251
6278,6251
4864,6251
1449,9984
1313,9984
1430,9984
9222,9984
1446,9984
6279,9984
9199,9984
1266,9984
10469,9984
6278,9984
4864,9984
1449,9171
1313,9171
1430,9171
9222,9171
1446,9171
6279,9171
9199,9171
1266,9171
10469,9171
6278,9171
4864,9171
1449,3217
1313,3217
1430,3217
9222,3217
1446,3217
6279,3217
9199,3217
1266,3217
10469,3217
6278,3217
4864,3217
6882,1430
2370,1430
9912,1430
9214,1430
8394,1430
8309,1430
6893,1430
2324,1430
7127,1430
2363,1430
5127,1430
2357,1430
10376,1452
6889,1452
2734,1452
6882,1452
9912,1452
9214,1452
9843,1452
7127,1452
8394,1452
8114,1452
2331,1452
2999,1452
2355,1452
5127,1452
2324,1452
1449,1395
2811,1395
2323,1395
1313,1395
1452,1395
9222,1395
1446,1395
6279,1395
9199,1395
1266,1395
10469,1395
1449,4327
2811,4327
1313,4327
1452,4327
9222,4327
1446,4327
6279,4327
9199,4327
1266,4327
10469,4327
10376,8736
6889,8736
2734,8736
6882,8736
9912,8736
10844,8736
10577,8736
10578,8736
7046,8736
8394,8736
10387,8736
5293,8736
3405,8736
6893,8736
2363,8736
2358,8736
2355,8736
10756,8736
2324,8736
5127,8736
8090,8736
9021,8736
10566,8736
9392,8736
6889,1418
2734,1418
6882,1418
9912,1418
10844,1418
10577,1418
10578,1418
7046,1418
8394,1418
10387,1418
5293,1418
3405,1418
6893,1418
2363,1418
2358,1418
10756,1418
2324,1418
5127,1418
8090,1418
2367,1418
9021,1418
10566,1418
9392,1418
10376,1436
6889,1436
6882,1436
9912,1436
10844,1436
10577,1436
10578,1436
9843,1436
7046,1436
10387,1436
7127,1436
8394,1436
1443,1436
8499,1436
3405,1436
6893,1436
2324,1436
8090,1436
2363,1436
2358,1436
5127,1436
2367,1436
8453,1436
2355,1436
4068,1436
10756,1436
9021,1436
10566,1436
9392,1436
2357,1436
1449,9878
2323,9878
1313,9878
1436,9878
9222,9878
1446,9878
6279,9878
9199,9878
1266,9878
4879,9878
10469,9878
1449,4029
2323,4029
1313,4029
1436,4029
9222,4029
1446,4029
6279,4029
9199,4029
1266,4029
4879,4029
10469,4029
1449,8923
2323,8923
1313,8923
1436,8923
9222,8923
1446,8923
6279,8923
9199,8923
1266,8923
4879,8923
10469,8923
1449,3861
2323,3861
1313,3861
1436,3861
9222,3861
1446,3861
6279,3861
9199,3861
1266,3861
4879,3861
10469,3861
1449,3329
2323,3329
1313,3329
1436,3329
9222,3329
1446,3329
6279,3329
9199,3329
1266,3329
4879,3329
10469,3329
1449,9512
2323,9512
1313,9512
1436,9512
9222,9512
1446,9512
6279,9512
9199,9512
1266,9512
4879,9512
10469,9512
1449,3058
2323,3058
1313,3058
1436,3058
9222,3058
1446,3058
6279,3058
9199,3058
1266,3058
4879,3058
10469,3058
10376,9398
6889,9398
2734,9398
6882,9398
2370,9398
9912,9398
1427,9398
1449,1408
6278,1408
4250,1408
1313,1408
9398,1408
9222,1408
1446,1408
6279,1408
9199,1408
1266,1408
10469,1408
1449,10080
6278,10080
4250,10080
1313,10080
9398,10080
9222,10080
1446,10080
6279,10080
9199,10080
1266,10080
10469,10080
10376,7816
6889,7816
2734,7816
6882,7816
2370,7816
9912,7816
1427,7816
1449,3423
6278,3423
4250,3423
1313,3423
7816,3423
9222,3423
1446,3423
6279,3423
9199,3423
1266,3423
10469,3423
1449,1407
6278,1407
4250,1407
1313,1407
7816,1407
9222,1407
1446,1407
6279,1407
9199,1407
1266,1407
10469,1407
9214,1427
9843,1427
7127,1427
8394,1427
8114,1427
5127,1427
3054,1427
2372,1427
9912,1427
2324,1427
2355,1427
2363,1427
2357,1427
6163,1427
10376,1431
6889,1431
2734,1431
6882,1431
2370,1431
9912,1431
1427,1431
1449,6271
6278,6271
4250,6271
1313,6271
1431,6271
9222,6271
1446,6271
6279,6271
9199,6271
1266,6271
10469,6271
1449,1425
6278,1425
4250,1425
1313,1425
1431,1425
9222,1425
1446,1425
6279,1425
9199,1425
1266,1425
10469,1425
10376,5240
6889,5240
2734,5240
6882,5240
9912,5240
8394,5240
2363,5240
5127,5240
10756,5240
4466,3669
2601,7433
10376,6270
6889,6270
2734,6270
6882,6270
9912,6270
10844,6270
10577,6270
8394,6270
10578,6270
7046,6270
5127,6270
6893,6270
8090,6270
2363,6270
9843,6270
2358,6270
10756,6270
10519,6270
4068,6270
9021,6270
10566,6270
9392,6270
10387,6270
5293,6270
2367,6270
2331,6270
9771,6270
5306,6270
2999,6270
4410,6270
9214,6270
4887,6270
2357,6270
2324,6270
1449,9319
2323,9319
1313,9319
6270,9319
9222,9319
1446,9319
1262,9319
9912,9319
6279,9319
9199,9319
1266,9319
10469,9319
1449,7594
2323,7594
1313,7594
6270,7594
9222,7594
1446,7594
1262,7594
9912,7594
6279,7594
9199,7594
1266,7594
10469,7594
1449,9254
2811,9254
2323,9254
1313,9254
6270,9254
9222,9254
1446,9254
1262,9254
9912,9254
6279,9254
9199,9254
6278,9254
4864,9254
1266,9254
10469,9254
1449,3645
2323,3645
1313,3645
6270,3645
9222,3645
1446,3645
1262,3645
9912,3645
6279,3645
9199,3645
1266,3645
10469,3645
10848,1296
2734,1296
6889,1296
6882,1296
9912,1296
10844,1296
10577,1296
10578,1296
9843,1296
7046,1296
5293,1296
10387,1296
7127,1296
2601,1296
8394,1296
9021,1296
10566,1296
9392,1296
3405,1296
6893,1296
2363,1296
2358,1296
5127,1296
2324,1296
8090,1296
2367,1296
1449,3383
2323,3383
1313,3383
1296,3383
9222,3383
1446,3383
6279,3383
9199,3383
1266,3383
10469,3383
1449,7392
2323,7392
1313,7392
1296,7392
9222,7392
1446,7392
6279,7392
9199,7392
1266,7392
10469,7392
4466,7371
10376,4428
6889,4428
2734,4428
6882,4428
9912,4428
10844,4428
10577,4428
10578,4428
9843,4428
7046,4428
7127,4428
8394,4428
9021,4428
10566,4428
9392,4428
3405,4428
6893,4428
2363,4428
2358,4428
5127,4428
2324,4428
4068,4428
2355,4428
8090,4428
2367,4428
1449,4408
2323,4408
1313,4408
4428,4408
9222,4408
1446,4408
6279,4408
9199,4408
1266,4408
10469,4408
1449,1417
2323,1417
1313,1417
4428,1417
9222,1417
1446,1417
6279,1417
9199,1417
1266,1417
10469,1417
10376,7483
6889,7483
2734,7483
6882,7483
2370,7483
9912,7483
7556,7483
1449,6235
1313,6235
7483,6235
9222,6235
1446,6235
6279,6235
9199,6235
1266,6235
10469,6235
6278,6235
4864,6235
1449,6255
1313,6255
7483,6255
9222,6255
1446,6255
6279,6255
9199,6255
1266,6255
10469,6255
6278,6255
4864,6255
10376,1437
6889,1437
2734,1437
6882,1437
2370,1437
9912,1437
7556,1437
1449,5238
1313,5238
1437,5238
9222,5238
1446,5238
6279,5238
9199,5238
1266,5238
10469,5238
6278,5238
4864,5238
1449,10123
1313,10123
1437,10123
9222,10123
1446,10123
6279,10123
9199,10123
1266,10123
10469,10123
6278,10123
4864,10123
9214,7556
9843,7556
7127,7556
8394,7556
5127,7556
8984,7556
3054,7556
2372,7556
9912,7556
2324,7556
2355,7556
2363,7556
2357,7556
10376,7246
6889,7246
2734,7246
6882,7246
2370,7246
9912,7246
7556,7246
1449,9480
1313,9480
7246,9480
9222,9480
1446,9480
6279,9480
9199,9480
1266,9480
10469,9480
6278,9480
4864,9480
1449,1400
1313,1400
7246,1400
9222,1400
1446,1400
6279,1400
9199,1400
1266,1400
10469,1400
6278,1400
4864,1400
10376,1294
6889,1294
2734,1294
6882,1294
9912,1294
10844,1294
10577,1294
10578,1294
7046,1294
6163,1294
3871,1294
9021,1294
10566,1294
9392,1294
1449,6229
2323,6229
1313,6229
1294,6229
9222,6229
1446,6229
6279,6229
9199,6229
1266,6229
10469,6229
1449,10842
2323,10842
1313,10842
1294,10842
9222,10842
1446,10842
6279,10842
9199,10842
1266,10842
10469,10842
1449,7412
2323,7412
1313,7412
1294,7412
9222,7412
1446,7412
6279,7412
9199,7412
1266,7412
10469,7412
1449,9462
2323,9462
1313,9462
1294,9462
9222,9462
1446,9462
6279,9462
9199,9462
1266,9462
10469,9462
1449,10718
2323,10718
1313,10718
1294,10718
9222,10718
1446,10718
6279,10718
9199,10718
1266,10718
10469,10718
1449,3351
2323,3351
1313,3351
1294,3351
9222,3351
1446,3351
6279,3351
9199,3351
1266,3351
10469,3351
1449,7770
2323,7770
1313,7770
1294,7770
9222,7770
1446,7770
6279,7770
9199,7770
1266,7770
10469,7770
10376,1445
6889,1445
2734,1445
6882,1445
9912,1445
10844,1445
10577,1445
10578,1445
7046,1445
10387,1445
2601,1445
7127,1445
5293,1445
9843,1445
8394,1445
5127,1445
2355,1445
2358,1445
2367,1445
6893,1445
9021,1445
10566,1445
9392,1445
1449,9929
2323,9929
1313,9929
1445,9929
9222,9929
1446,9929
6279,9929
9199,9929
1266,9929
10469,9929
1449,3721
2323,3721
1313,3721
1445,3721
9222,3721
1446,3721
6279,3721
9199,3721
1266,3721
10469,3721
1449,10714
2811,10714
2323,10714
1313,10714
1445,10714
9222,10714
1446,10714
6279,10714
9199,10714
1266,10714
9565,10714
10469,10714
1449,6272
2323,6272
1313,6272
1445,6272
9222,6272
1446,6272
6279,6272
9199,6272
1266,6272
10469,6272
1449,8443
2323,8443
1313,8443
1445,8443
9222,8443
1446,8443
6279,8443
9199,8443
1266,8443
10469,8443
1449,3836
2323,3836
1313,3836
1445,3836
9222,3836
1446,3836
6279,3836
9199,3836
1266,3836
10469,3836
1449,6253
2323,6253
1313,6253
1445,6253
9222,6253
1446,6253
6279,6253
9199,6253
1266,6253
10469,6253
1449,6262
2323,6262
1313,6262
1445,6262
9222,6262
1446,6262
6279,6262
9199,6262
1266,6262
10469,6262
10376,1432
6889,1432
2734,1432
6882,1432
9912,1432
10844,1432
10577,1432
10578,1432
7046,1432
8394,1432
2367,1432
1439,1432
9021,1432
10566,1432
9392,1432
1449,1416
2323,1416
1313,1416
1432,1416
9222,1416
1446,1416
6279,1416
9199,1416
1266,1416
10469,1416
1262,6634
9912,6634
9266,6634
4015,8477
9662,6635
5311,6635
6896,6635
10533,6635
2357,6635
9912,4134
9912,3246
9912,3054
9912,3299
9912,2335
9912,2335
1304,1313
2351,7487
2351,1302
8499,1302
9771,1302
4032,1302
4032,2333
9771,2333
5306,2333
9986,1853
10849,10367
5007,10367
7971,10367
10045,10367
10849,8949
5007,8949
10849,4515
10849,6563
10849,7580
5007,7580
7971,7580
5007,10847
10849,3151
5007,3151
10045,3151
10849,1855
10045,1855
5007,1855
10849,3314
5007,3314
10366,3415
6561,1854
10849,4992
5007,4992
7971,1857
10849,1857
5007,1857
10045,1857
10045,1856
5007,1856
7426,10846
2351,10846
8499,10846
1324,10846
9223,9186
6148,8346
2351,1699
7911,8245
3652,4832
9221,4832
6926,4832
1715,4832
10551,4832
9221,4058
6926,4058
1715,4058
4002,4058
4042,6446
1715,6446
9738,6446
2780,6446
9575,6446
6449,3760
6556,1706
8605,1708
6449,1708
1718,1712
3812,1712
1716,1712
9221,1712
6926,1712
2751,1712
8671,1712
8605,1712
3086,1712
9738,1712
2780,1712
3309,1712
1714,1712
4849,1712
3652,1712
4042,1712
9575,1712
6449,6445
8135,6445
9264,1721
4832,1721
9196,1843
5101,8864
6179,3730
8873,3730
1851,1852
1858,4987
7011,1701
8592,7800
7426,4476
8256,10495
4946,7337
5,2536
4946,2714
9892,2714
6465,2714
9502,2714
1,2714
1,1728
2,1728
1845,7710
8025,7710
7129,9226
4946,9226
8395,9226
5,9226
9502,9226
6465,9226
1732,9226
9786,9226
1316,9226
9892,9226
6559,1320
6559,8827
7129,7071
5,7071
9502,7071
6465,7071
1732,7071
9786,7071
1316,7071
1720,7071
2536,2849
1720,8008
1720,9251
1720,3050
1720,1727
1720,9063
6556,3081
8076,10496
3626,4034
1723,4034
1720,7229
8076,8333
8076,6149
2664,8
2664,8
6558,1846
4996,1846
1845,1844
8025,1844
6559,7026
6558,2868
6557,2868
4455,2868
9802,2868
6936,2868
6558,2412
6936,2412
6556,8537
3046,4997
6558,4990
4455,4990
1849,6128
4994,6183
4455,9883
6936,9883
6183,9883
1319,1707
1709,1707
1711,1707
1719,1707
1709,8584
1713,8584
1709,2757
1711,2757
1719,2757
15,1357
2757,5229
1357,7
15,7
1709,1322
1717,3362
4344,4942
6453,4942
5230,7290
2748,7290
4465,7290
1700,7290
7780,8755
6555,8732
4983,8732
7399,8732
4949,8732
10096,8732
6541,6981
4945,6541
4945,2514
1840,6546
2785,7017
8557,4984
4983,4984
4949,4984
10096,4984
4983,6544
4983,6544
7399,8963
4949,8963
10096,8963
6541,3607
8190,8179
7032,8179
4032,1744
8151,8257
6477,1743
4505,8590
8590,6988
7161,7036
6470,9787
4081,6475
4081,6476
6463,10538
4081,10538
1738,2596
8179,4087
4000,4087
14,4087
8858,4087
3468,4087
7032,4087
8686,8000
4835,8000
3468,8000
4091,8000
14,8609
14,6494
8257,9795
6471,9795
9806,9795
1734,9795
4032,9795
5233,9795
9410,9795
2351,9795
8499,9795
14,6490
6475,6490
6476,6490
14,7675
6988,7675
11,6469
1745,8151
1737,6477
5308,13
4835,13
4835,13
2351,13
8499,13
9410,13
2369,1326
4960,3551
1781,3551
6585,3551
9314,3551
8628,3372
4960,3559
1781,3559
6585,3559
9314,3559
9239,1325
1778,1325
1774,1325
9435,1325
10513,1325
28,6523
8924,6523
6501,6523
3324,6523
6184,6523
28,7676
4958,7676
3324,7676
6184,7676
28,7144
3324,7144
9363,7144
1771,7144
4955,7144
6184,7144
26,8012
9825,9274
1792,9274
6499,9274
6509,9274
3868,9274
1783,9274
10081,9274
5095,9274
1799,9274
7194,9274
5299,9274
5139,9274
9056,9274
8667,9274
4215,9274
4999,25
6993,1804
3199,3315
9737,3315
3199,10529
8401,10529
9196,9253
5101,1825
10283,4347
6212,4347
9196,7193
5101,3643
9031,9455
3806,1831
1828,4975
6538,7427
7135,7013
10016,6552
1329,1830
5002,9739
4837,9739
1918,1359
6111,1359
5263,1359
4094,7122
6584,7122
4094,7728
6584,7728
4094,7073
6584,7073
6583,1334
8175,1334
8175,4346
6583,6474
8175,6474
1334,6492
8175,7248
4837,7248
2884,3349
4104,3349
10513,3349
4960,3349
1774,3349
9435,3349
5124,3349
2884,3349
4104,3349
4960,3349
9435,3349
5124,3349
1343,20
3064,20
8489,6496
9493,8894
1754,8115
6472,8115
4395,8115
1754,6473
6472,6473
4395,6473
8489,3781
2963,2547
6117,2547
2963,1749
8489,1749
4297,4956
1342,1750
6472,1750
3069,6488
8489,6484
1759,6481
4297,1752
4395,1752
4395,1753
3069,6487
4395,6487
4395,1751
6472,7356
4395,7356
6472,6134
4395,6134
10513,1360
1774,1360
9435,1360
10513,1360
1774,1360
9435,1360
1345,3259
9196,3807
5101,2646
1834,21
8185,4980
6540,3091
4089,4986
3848,1832
6543,1833
4977,6551
3805,6551
3319,6551
8849,7393
2491,7393
3319,7393
7900,8518
10093,8518
7019,4964
8175,9261
9193,9261
3064,9261
8849,9261
2491,9261
7255,9261
4977,9261
3805,9261
6583,4968
1345,1800
3531,7708
1353,7708
6517,7708
3319,7708
7900,7708
2349,7708
2352,7708
20,7708
1810,9744
6481,9744
4837,7504
1749,4967
4837,4967
1810,1805
6481,1805
1353,1805
6517,1805
20,1805
1810,4965
6481,4965
1353,4965
6517,4965
20,4965
4981,7203
1811,7203
20,6521
1784,6521
6527,6521
3064,6521
9816,6521
3064,1807
7900,1807
1811,1807
3298,3471
6510,3471
7900,3471
1811,3471
1812,3459
6510,3459
7900,3459
1811,3459
8518,3459
9890,6513
8617,10512
9239,3639
3945,3639
1778,3639
4861,3639
2935,3639
6489,3639
9435,3639
1775,3639
9435,3639
9583,3639
3076,3639
3818,3639
4954,3639
28,8321
7913,4083
6119,3671
7218,3654
6501,3498
8924,1786
8119,3201
9435,35
1774,1791
6505,9000
3945,7848
9239,7848
1778,7848
1774,7848
3945,2661
9239,2661
1778,2661
1774,2661
1774,3290
1763,3290
10513,3290
1773,3290
10513,1790
1763,1790
1773,1790
1780,1790
9435,2728
9435,1335
1764,1335
2935,1335
1775,1335
6489,1335
3945,29
3945,8144
1774,8144
1764,8144
2935,8144
1775,8144
1774,7833
1764,7833
2935,7833
1775,7833
4861,6191
1763,6191
3945,6191
1774,4417
3167,4417
3945,1797
6508,6500
1782,7587
4861,4957
9435,4957
3945,4957
1763,4957
10371,4957
2935,4957
6489,4957
4998,4957
1775,4957
9583,4957
3076,4957
3818,4957
4954,4957
6109,4957
6526,3123
4953,1788
4161,6519
1802,23
1779,8222
3076,8222
4954,8222
9384,10081
4083,3178
1786,3178
1791,3178
1785,3178
9239,3178
3945,3178
9435,3178
6489,3178
1775,3178
2661,3178
1764,3178
7140,3178
1763,3178
1773,3178
4861,3178
6109,3178
9583,3178
3076,3178
3818,3178
4954,3178
1791,1798
4861,1798
2935,1798
9384,1799
9384,5139
9384,9825
1787,3211
1787,1796
1785,8825
3201,8825
3671,8825
3654,8825
4083,8825
3498,8825
1786,8825
1774,8825
9435,8825
1789,8825
1788,8825
1785,9009
3201,9009
3671,9009
3654,9009
4083,9009
3498,9009
1786,9009
6500,9009
10513,9009
1774,9009
8048,9009
1789,9009
1788,9009
1785,36
1786,36
1774,36
3201,36
3671,36
3654,36
4083,36
3498,36
9435,36
9000,36
1789,36
1788,36
1785,8201
3201,8201
3671,8201
3654,8201
4083,8201
3498,8201
1786,8201
10513,8201
1774,8201
9435,8201
8048,8201
1789,8201
1788,8201
9384,5299
9384,1783
7833,2528
1791,2528
1764,2528
6489,2528
1785,2528
1778,2528
4861,2528
2935,2528
9384,6509
9384,6499
9384,3868
6516,3511
4138,3511
3570,3511
6516,7146
4138,7146
3570,7146
9384,9056
9384,8667
9384,5095
9384,7194
9384,1792
9384,4215
6522,1803
4041,1801
4041,8253
4969,4161
1803,4161
1801,6526
8253,1802
6109,4041
9583,4041
3076,4041
4954,4041
28,4041
4953,4041
1774,1768
8048,1768
7500,1768
10513,7296
1776,7296
1774,7296
7500,7296
3928,7296
10513,1772
1776,1772
1774,1772
8048,1772
1774,4961
9435,4961
1774,4951
9435,4951
1774,6505
9435,6505
1778,6508
10513,4955
3928,1771
1774,1771
8048,1771
6502,9363
3928,9363
1774,9363
9435,9363
6502,3324
6502,4958
9447,8900
8048,8900
4646,8900
7218,8900
4950,8900
8119,8900
8924,8900
3997,8900
7913,8900
6119,8900
6501,8900
7500,10120
1763,9239
1763,1778
1764,3945
1763,3945
1773,3945
2935,3945
1775,3945
6508,26
7218,26
8924,26
6119,26
6501,26
9435,26
1770,8512
3184,1762
30,9447
6479,9447
6491,9447
1775,4861
7140,4861
1775,9435
6489,9435
3184,6504
6503,6486
6493,6486
2942,6486
1336,6486
1769,6486
3184,6507
6491,6507
32,6507
32,6507
2884,1761
4104,1761
10120,1761
7493,1761
4523,1761
1928,1761
1774,1761
1929,1761
6502,1761
2647,1761
1765,1761
1343,1808
8849,1812
2491,1812
4977,3298
3805,3298
1342,6527
9568,1340
9594,1340
5305,1340
9568,1340
9594,1340
5305,1340
4939,5307
5304,7009
2639,9881
9223,4935
9223,6112
9223,3713
6431,4521
6431,9890
6431,1345
6437,1693
2351,1697
8499,1697
4032,1697
4831,4941
4032,4941
6879,4941
4032,4941
2349,4941
7606,4941
4938,4941
6218,4941
7975,4941
4255,4941
2352,4834
4032,4834
2351,4834
8499,4834
3805,4110
2491,4110
2352,6880
2438,9486
2349,6885
4941,9607
8499,9607
2351,9607
6434,9607
1696,9607
6879,9607
2352,9607
6879,8220
2349,8220
2349,2787
2352,2787
2349,4297
2349,1344
2352,3069
2352,9638
4928,3647
1692,3647
3805,8743
2491,8743
3805,2346
2491,2346
1692,4937
1692,6441
4937,4934
6433,4934
6441,4934
1692,8803
1692,4940
8803,7766
6438,7766
4940,7766
4928,1695
1692,1695
8803,1696
6438,1696
4940,1696
7211,1696
7211,3581
8515,7163
4189,7163
51,7163
3315,7163
6594,2563
9196,2563
9196,2563
8781,4768
10529,6569
24,6573
6597,6573
1351,6573
48,2878
48,2878
1860,7518
6571,1343
6571,1343
3789,5002
6576,6580
6572,9632
8003,1862
1915,1862
3789,8175
9085,8175
1860,6583
9465,6583
1328,9718
9118,2448
5101,2448
5101,2448
3064,3102
6547,3102
3064,4837
6547,4837
3064,4837
6547,4837
5269,9202
2685,6114
6483,6114
6497,6114
6521,6114
3064,1866
2600,1866
3064,39
2600,39
2685,39
6483,39
6497,39
6521,39
3064,39
2600,39
2685,39
6483,39
6497,39
6521,39
3064,39
2600,39
3064,6570
3319,6570
2600,6570
1880,3333
1880,6578
1880,6582
5001,2933
5001,4995
6530,8836
3977,8836
3563,43
4509,43
9848,43
9818,43
1893,43
8911,43
7320,43
1897,43
6531,43
8146,43
1824,43
9253,43
1892,43
3977,43
43,44
7921,8433
4393,9740
5001,4143
7921,3707
7921,7020
7921,9126
3064,3768
10093,3768
4978,3768
6972,2788
4072,45
6605,1914
7851,1912
5001,9292
4072,1916
6605,1348
34,1347
7224,1347
19,1347
8495,6602
9886,6602
19,6602
7713,4238
6514,4238
19,4238
9911,2583
9306,2583
19,2583
1822,1894
7151,1894
19,1894
7610,4165
9654,4165
19,4165
3312,5264
6518,5264
19,5264
3996,9658
6512,9658
19,9658
8169,8638
6520,8638
19,8638
4095,6125
3285,6125
19,6125
8320,4123
9546,4123
19,4123
5017,1899
3492,8575
3797,8575
19,8575
1917,5120
1815,5120
19,5120
1921,9876
7092,9876
19,9876
9713,7611
4421,7611
19,7611
4517,7760
1816,7760
19,7760
6606,5265
1364,5265
19,5265
6995,6998
3956,6998
19,6998
1919,4841
6511,4841
19,4841
52,4211
9197,4211
19,4211
8973,9853
6532,9853
19,9853
1927,1898
9691,1898
19,1898
4194,4844
7118,4844
19,4844
9980,8168
1818,8168
19,8168
4518,8246
9225,8246
19,8246
6123,1908
7856,1908
19,1908
8705,1905
6536,1905
19,1905
8619,1901
1819,1901
19,1901
6608,1904
1820,1904
19,1904
8272,8352
1821,8352
19,8352
3231,6200
6956,6200
19,6200
9544,7944
2618,7944
19,7944
1864,5263
5018,5263
4838,5263
6615,5263
47,5263
5001,5263
5005,8721
24,8721
1877,8721
1864,8721
5001,8721
4349,2965
1913,2965
1806,2965
3559,2965
4349,8913
8801,8913
1911,8913
1864,8913
4104,8913
1913,8913
4960,8913
5001,8913
8907,8913
6523,8913
4349,1909
8801,1909
1911,1909
1864,1909
4104,1909
1913,1909
4960,1909
5001,1909
8907,1909
7144,1909
4349,7803
8801,7803
1911,7803
1864,7803
4104,7803
1913,7803
1777,7803
3551,7803
4960,7803
5001,7803
8907,7803
7676,7803
5002,3019
9816,3019
4837,3019
1932,2455
1864,2455
4349,4004
8801,4004
1911,4004
1864,4004
8352,4004
6539,4004
7944,4004
6200,4004
4211,4004
9853,4004
4123,4004
1899,4004
1894,4004
4165,4004
1864,3539
1932,3539
1864,8154
5001,4393
6115,4393
3975,4393
3975,7851
5001,7851
3947,7851
2878,6111
2878,3904
4349,4097
8801,4097
1911,4097
1864,4097
6202,4097
1930,4097
5015,4097
6612,4097
6539,4097
1899,4097
6125,3210
6539,3210
8638,3210
9658,3210
9658,6612
6539,6612
4841,4330
6539,4330
6998,4330
5265,4330
5265,5015
6539,5015
7760,4166
6539,4166
7611,4166
9876,4166
9876,1930
6539,1930
6202,5099
5015,5099
6612,5099
6539,5099
1899,5099
1904,6611
6539,6611
1901,6611
1905,6611
1905,6202
6539,6202
1930,8610
5015,8610
6612,8610
6539,8610
1899,8610
3372,1906
5001,9372
8010,1907
5001,1907
8400,1907
3221,8781
1899,8781
8617,10258
1879,10258
3333,10258
6496,6599
5005,1910
2465,1910
9046,1910
7615,1910
5005,6604
2465,6604
9046,6604
7615,6604
5005,2641
2465,2641
8933,2641
5005,1351
24,1351
6597,1351
1864,1351
5002,1351
1878,1351
7518,1351
7155,1351
1877,1351
5001,1351
3199,1351
1760,1351
4945,1351
7305,1881
2654,1881
5001,1881
5005,1881
24,1881
1877,1881
6585,1881
1864,1871
1932,1871
5001,1871
5005,1871
24,1871
1877,1871
6585,1871
8894,1879
5001,1879
6585,1879
5001,7615
6585,7615
2654,2699
5001,2699
1880,2699
6585,2699
2884,53
4104,53
1776,53
5001,53
1354,53
1876,53
5003,53
5005,53
24,53
1877,53
6585,53
1864,53
1932,53
9193,53
1866,53
5001,53
1880,53
5005,53
24,53
1877,53
6585,53
5001,7352
8894,7352
1880,7352
6582,7352
5005,7352
24,7352
1877,7352
6585,7352
5001,7904
1880,7904
6585,7904
5001,6598
5001,6587
7900,2983
10093,2983
4978,2983
10093,6619
7900,6619
4109,4840
6553,4840
4109,1882
6553,1882
1864,3975
9145,3975
7032,3975
1360,3975
1864,3975
4109,3975
6553,3975
4104,3975
1343,3975
7032,3975
1360,3975
3531,9147
1353,9147
6517,9147
2352,9147
2349,9147
3162,9147
3319,9147
1864,9147
9632,9147
4104,9147
1836,9147
3640,9147
10851,9147
9115,9147
10513,9147
1774,9147
9435,9147
7032,9147
1360,9147
3064,8500
4104,10101
1774,10101
1762,10101
4436,1929
8659,4523
6592,9816
1887,1928
4104,3611
1774,3611
37,3611
4104,3611
1774,3611
37,3611
4104,4107
1774,4107
6480,4107
4104,4107
1774,4107
6480,4107
4104,3463
1774,3463
6507,3463
4104,3463
1774,3463
6507,3463
4985,4252
6533,4252
2619,4520
6124,4520
4972,4520
8962,4520
4976,4520
1884,4520
3289,4520
7413,4520
7843,4520
3765,4520
8907,4520
1873,4520
31,6120
1338,6120
7928,6120
6586,6120
1891,6120
9577,6120
6589,6120
31,3338
1889,3338
1875,3338
1932,3338
44,3338
1823,3338
8080,3338
2580,7192
2563,1896
9193,7088
3064,7088
6551,7088
1864,7088
6120,7088
1929,7088
4523,7088
6533,7088
1932,7088
3338,7088
7393,7088
1864,4239
4985,4239
1345,4843
3064,7400
7900,7400
10093,7400
1343,7400
6496,6591
1767,3005
2448,1895
8617,2429
3259,2429
1749,2429
39,2429
8175,5097
6583,5097
5005,7497
24,7497
2984,7497
6573,7497
6585,7497
2685,51
3064,1353
3064,1353
4964,1891
4520,1891
2884,1891
1354,1891
1876,1891
5003,1891
7493,1891
9073,1891
10120,8030
10120,7081
9196,1892
4836,1352
5101,6603
8330,6601
10513,1889
4519,1889
6553,6595
3274,6940
9255,6940
10120,2443
4960,4314
8576,4314
6592,4314
8780,4314
10120,1886
4436,9073
8659,9073
6872,5000
9255,5000
3274,4084
9255,4084
10120,5010
9256,5010
6593,5010
7732,2523
9255,2523
4960,9413
8576,9413
6592,9413
8780,9413
3911,1888
10120,1888
2523,1888
3911,6586
1890,6586
10120,6586
2523,6586
3461,8515
6600,48
7978,48
5018,6576
1932,6572
1932,1863
3064,1863
4845,4189
3064,4189
9196,6594
3681,7072
5101,9118
1861,5006
2351,5006
4032,5006
4032,2430
1861,2430
4032,8834
1861,8834
